8000
9944 8980
2743 5390
3653 -7347
-5439 3230
-8575 -449
2800 -3112
-9798 1280
8009 3870
-6682 -1555
-5323 9567
-7800 -7552
-8225 -1434
111 2405
-3266 -975
-4353 -6070
1940 -9691
-9676 -5643
-298 -769
100 -4837
-1203 -3186
-2939 5517
8987 1344
7535 3733
1090 -9286
-5885 -6525
-1470 -3828
621 5953
1186 -2493
-4219 -4115
-4239 -4351
-9156 456
-5267 -3286
3925 -1110
-5276 -5439
-9486 -264
5721 -1357
-4015 697
-1847 3601
-1994 4710
2638 -4124
-5302 4352
6020 -4100
-7580 -3866
650 -1142
-2936 -6650
-4821 -2802
9165 -4332
-4675 -6125
6724 -1862
1194 -4966
-6571 -49
-9138 5141
-8884 -534
-8288 6485
-1580 -2920
-5227 -1179
-1342 -3699
-6912 633
-3594 8888
-9090 4385
-1891 761
2578 5570
8539 1143
-7028 -7641
-2841 -4083
-7920 -8172
2391 1254
-7052 27
-6626 8297
-5495 2035
-1101 -1642
-7810 -4314
979 -2735
801 2537
-3606 1982
6984 -239
-4466 1262
3439 -9820
5741 3097
-8798 -9970
-2168 2605
-3458 -203
-2977 6501
-2253 -145
-7697 -3619
-1812 -8493
-9894 3461
-7214 4365
4646 -5483
2574 -842
-4952 -2176
7086 -9277
-9886 2860
-6102 9660
-1909 5153
7815 3120
1038 4063
-7749 -9753
-9738 3189
-5774 6776
-88 -6065
-7695 -1859
-3983 -2512
-9575 -6108
-8734 -9183
-8594 1094
-4423 -5464
3705 3069
6786 -3716
-3094 -6446
-3779 -4425
-8958 693
3234 -7282
-1392 9233
-4414 -3778
5627 8542
6832 -9497
-1249 3321
-6079 -8131
-6757 6129
-2321 2716
9258 -8445
1732 3804
-1935 969
-7051 -1179
-6695 -6610
-8692 -7195
3388 4645
3339 2015
3526 -6277
-7442 7911
-8844 -7031
-8304 5580
4544 8719
1649 6516
-9120 -9762
6582 -4978
-629 -428
3345 -6972
-7107 1421
163 -9520
9053 -4552
607 -5616
8861 9704
-8335 -4643
-8894 2668
-4257 -7560
-8474 706
-8241 -2010
-5414 6919
-2423 -5090
1711 -719
8670 -6432
2870 -5983
-1975 8713
-5882 8723
-3084 -9404
-4769 -8616
3615 8035
7437 3430
989 -6226
-2193 -2994
5791 1403
-3816 -9233
-491 2046
-1098 -7511
6161 6243
-5455 -4684
6031 -2022
-8458 9586
9459 7538
7477 -1694
1393 -6006
-4729 5910
4210 -1116
596 -1016
-4523 -4518
-7564 8584
-3339 -3435
8852 9465
-1174 -6916
-5668 -3555
-366 8810
3534 9838
-9551 -3868
3985 6351
9111 -9175
9136 -1566
-4063 2058
-2275 1883
1282 -8837
-8679 2356
1764 5259
-3848 4002
-4375 -1199
-3552 1481
-2249 5767
1139 -980
-3692 1084
494 -3897
-2131 -3068
9457 -864
-5475 4531
9535 -8101
-7411 -8341
1800 -8627
-201 -2415
-1434 -7629
-9361 1670
-6460 6309
4964 -843
7398 -1211
-7677 4712
-827 -3108
-4963 -6592
-8487 -7033
6698 -4155
-3204 -8019
-8978 -7974
7852 -1835
315 693
753 1205
-265 -8338
-9983 686
9824 6005
3232 -5001
-1427 -6679
-8372 -2730
4438 1095
-6600 1494
7991 6303
4182 -9578
6737 -1715
5499 -7394
-4463 -5914
-8002 -8776
-7755 -6383
-1503 9116
-7316 2617
-6829 -8213
-3266 -1120
7284 -8447
-7412 -5610
571 -5435
-8775 7114
-555 -4829
-4887 4929
2063 220
-2519 1765
-5355 -9284
-5521 -3873
4156 -2100
-8797 -2393
-3171 7592
-1986 4315
419 -4236
-7055 9167
7336 -6101
7530 100
1626 -551
1203 3228
-252 -4983
-4805 -915
-2550 -1983
8122 -716
8436 -7539
-6897 -4565
9711 -3847
2475 -834
-2864 -7197
-4365 -4741
-3269 8304
9730 -6007
-9853 9182
-6610 -7174
-1837 761
5356 3683
-5364 9042
-5194 -4021
-3088 -6003
-756 -7902
8958 -1254
2745 -523
-4449 -1529
4439 287
-1311 -4332
-8459 -1406
-2495 -7610
-4712 -8490
-6866 992
-8224 -7647
-6644 175
-1171 -9016
2327 5
-6175 228
2984 -3288
-6104 8025
-9347 -4148
9749 -6877
2835 -4290
-3762 -3246
343 5250
-500 -5129
-7586 -3392
1979 -801
7762 2138
-7927 8640
-6418 -2270
925 -5806
-4917 -118
5445 -4448
-7524 315
-7947 3134
-6922 3113
-6228 5886
-4075 -8441
1177 -162
-1157 -1865
6590 2051
-134 7909
4628 -8276
8916 -5355
-3024 -2016
6721 -6470
6180 -7670
-5871 -8440
-9368 8614
5394 -980
5083 -5476
916 -1989
-6683 -851
-6549 2536
1183 139
1589 7354
5973 9966
-227 541
2218 -4156
-8929 9752
2493 -7608
-3379 7743
523 9271
7505 -7319
1972 -9281
-3980 7109
-413 -6919
-8802 -7224
9128 -2760
2782 -9238
-1048 3746
-2739 2387
-1416 -1377
783 1584
-2107 -6192
-646 -4854
-360 -9791
-5831 -1095
-5960 -1150
-4397 -9900
1521 -2190
136 9996
787 -7587
-1157 -9446
798 -9175
22 -1578
-9731 -2229
3499 9162
-8560 -7329
-5257 9254
-2738 1655
-1524 501
3818 -1741
687 -1616
4822 8690
2238 7121
-9819 -9528
3958 395
1910 -1775
3892 -5224
1230 -954
-2757 531
-8316 3117
-8010 8359
-669 -5835
6078 -3705
-9908 -9086
5502 -832
-7334 4165
-2699 -9620
-3190 208
-7493 -9272
7706 -535
-6488 9384
2033 -1059
-1262 -5750
-1664 7383
6325 -9528
-1624 8945
-2153 4338
-9637 4266
-3124 6587
-4153 5208
920 6483
2673 4032
-4428 -843
9182 -4156
-6765 -4575
3320 -5348
-9212 -4659
2702 -3224
8122 -7464
-1123 -1275
9579 -5537
-4786 5438
-9770 -9325
-1280 -155
-3735 -8694
-1848 -1886
-734 -5770
-1899 -6933
1332 115
-7495 -6475
-244 -604
-2139 1610
-716 7777
-4844 -5029
7447 -4822
-2612 6135
-9178 -6753
-8768 -3427
1723 2930
-6407 4111
2109 7229
-2443 -3000
-8733 -9359
3760 -3345
1916 -9586
7043 -2260
3598 4506
7179 -7750
-7074 -9268
-5204 -2211
-8305 -8600
7253 -5449
910 4240
-2075 1814
-2738 344
-4210 -4017
-4529 -3270
-2919 -9743
1701 -8532
3306 -7949
630 -3345
2757 1232
-4125 137
5969 1429
-9013 -7851
-6051 -9481
6508 6874
-3136 -6454
-4405 -615
-1819 -48
6902 -1397
1127 718
4457 2251
-8871 -7162
-1234 -2161
8170 6688
2280 1660
998 -2230
49 -646
-3296 -4126
-2366 1734
-5361 6705
4340 2024
7926 -4358
-4027 3460
-9879 -269
-6947 916
-1267 -716
5905 -938
-3425 -4818
-2521 -8830
-9672 -130
411 4927
-7185 2145
-9759 4438
7935 6954
-3155 -6906
-9718 -6318
8304 8186
8222 -7537
-6429 -7624
-9512 1992
3241 1404
-8953 -1016
-7376 -6427
8914 -4014
-9256 -8979
604 -4460
-9929 -6754
-8282 2942
-7076 -5885
-4010 -3788
8562 -5635
-3241 -7422
-6137 -8552
-6687 5809
-5810 -3427
-1510 -9705
2883 -3831
-6179 -2701
-8307 -6050
-1126 505
2120 -2760
4830 -6646
2275 6243
2613 -2999
-313 1867
-9491 2601
1466 -2412
-355 7243
1603 7115
-2394 9350
6831 -2372
-2504 -5241
9746 4997
3352 1884
-1070 -7733
-5888 2252
1985 -4948
-5081 6538
2313 1909
7331 9417
1709 -684
-5555 -8591
-7027 -3439
-9628 850
4458 1401
-2251 -5831
7531 -2821
569 -6239
-6048 2423
-3521 -500
-6651 658
-6325 -4238
-6935 -2801
-9441 -8743
-8561 -7237
-2599 -8154
820 -7160
-3171 3635
-5229 -3779
-6091 -702
6022 -4725
9238 1520
8301 -3069
4933 -6067
-3725 -570
-3878 7083
1007 -1443
-925 -3404
-5719 107
3052 1090
5182 7999
8510 -8567
-8794 -9202
8934 -7848
-5485 1568
-4457 576
9468 -1078
882 -8237
2652 -3044
-9723 -4302
-2923 -9316
5745 -6560
-3304 -3469
-4015 -5894
-8631 -5050
5944 1483
2270 -1432
-1190 -5350
-7831 5230
-6354 7
1367 -4029
1330 -137
3095 -6564
-3504 8204
63 -2609
7680 -6728
-5397 5600
9357 -9677
3944 5212
-228 5899
2417 -8950
-1142 2524
-4297 1022
-2154 -2079
902 4624
1631 -3415
453 -2676
-4049 -2803
-6914 -5333
-8488 -6752
-8481 -3262
-2082 9128
6688 -9958
4277 -4179
-4985 832
9964 -2160
-3832 -1987
-5269 -8290
-16 -9719
4857 4228
-5820 -548
4097 -5787
3942 7429
6549 2570
5208 446
9139 -518
-4956 -6433
-8537 -6006
1819 6322
1138 3734
-9092 -7545
-4214 2352
-6281 -3639
-190 -520
51 -5903
8779 -9650
-6099 9402
-8902 -4604
7202 2612
-8340 -233
-4114 -6019
360 -8641
-6442 6508
-9820 -7611
835 -1264
-8885 6965
-5872 9209
-3843 116
1287 3061
-4649 2612
-6586 -5250
2708 8549
-153 -2158
7700 -3794
7104 -2429
5053 -868
1129 -8465
-4993 9050
-4676 -7437
-1604 9858
9698 -4740
-8536 -4173
1451 -1410
8621 68
-2563 2601
1458 8055
-4750 -8808
3901 4881
-8613 2892
5046 1194
2026 -167
-881 6496
2062 286
3457 6289
-6496 -5669
-8168 -7032
6718 5854
-5551 -9193
7317 -4609
5955 4935
-1372 -2387
-8452 7404
543 4135
4845 6428
-8687 6352
-5175 -5984
-6458 9757
1482 8716
-9528 -3375
-3371 -244
-6168 8939
-5794 -3456
8095 9694
-1585 -8502
-1258 -1694
5093 -8763
-6333 5481
-5956 9656
7476 5428
9421 1291
2001 -762
-5196 2970
-4195 537
-1610 -6329
4957 -6608
5987 -9228
5245 4653
2329 1970
2383 2405
7785 7668
-6827 -4976
-98 -9017
9249 -7195
8986 8454
-4261 6981
-1565 -6935
-7357 -5450
-2241 -707
7863 -1804
-1444 -4198
-5225 5411
1843 -1935
5415 2568
1006 6117
-3979 -3943
1991 -6276
2331 2674
-6061 9973
-8345 9865
-1345 -5156
-6246 -6460
-4839 -2565
-5842 -3799
2547 564
8572 -5642
387 -499
8764 -3278
-3250 -7766
-6483 -8924
-793 -351
-4968 4707
-686 -5750
-560 -5394
2158 -4970
5053 8925
-3054 -8254
-8550 8215
1495 -7188
5979 -4379
-5897 69
-7245 -6521
-6316 1255
-6347 -4954
7643 -5944
-9767 9705
-2709 1488
3329 -8372
-6959 167
924 -6386
-5258 1235
-1269 -1303
-5 -2207
7491 1416
-5437 -1374
-9038 7924
-7629 -9800
3973 -7153
-9291 -6960
-5943 -9915
-6301 8946
4977 -1953
3618 -8425
2712 3770
-4692 -1893
-2521 -2984
499 -9773
7097 9878
-4445 -7583
2045 -3619
-4345 -4667
-2917 4668
3375 -6474
59 2582
-4880 -4911
1410 760
173 -5807
3134 -4242
5173 9185
1797 -9929
6028 6574
8537 7734
3470 -865
-3090 -3158
-847 -3703
-1521 256
2987 2718
-8098 -601
6452 -2745
2042 -1596
269 6962
5030 9672
-7135 -9971
4360 -6369
-1365 -9229
-145 1449
-8808 8710
-4967 1519
-914 6111
51 3182
-371 -3550
-30 9176
-8299 -2251
-6366 -5124
1481 466
-7539 8866
1971 -9062
-7873 -5829
-9113 1325
-2953 2520
-9620 -2344
8512 -5798
4568 5070
-6128 -5814
-7525 -4134
-6479 -5525
-6400 -9933
-7106 3180
-6129 -3279
7312 -2462
-3882 -7585
891 2582
1898 3090
-4974 -4709
-568 -711
5554 578
-1824 8342
-2722 -9551
6005 -6388
3462 5457
-1538 -4168
-563 -7257
-3471 6213
-7637 2374
-1504 9723
1393 -4189
2404 -232
7339 6537
2490 -6718
-7126 3278
-1301 -3621
1283 -2906
-4976 -6571
-4750 -2314
-4106 4168
3715 -3189
-9506 -7229
-2190 9228
-8344 4127
-5007 -307
-2959 9562
-8854 -5434
9082 1059
-6682 7780
-725 6865
-4530 -9634
-5032 -1384
6064 1418
-7453 -994
9412 5393
-4829 -3253
-9490 864
-2749 1696
-4537 -1151
-4467 7690
-8328 -6327
-407 -4393
2502 -6573
9280 -7768
-5388 -1043
8550 -4249
-9499 -7535
7832 2203
1538 1272
4834 -7815
-8133 5034
-1916 -4003
-5999 -9704
4342 346
9875 -8723
-9207 5422
3719 -9854
-1296 -4519
-6260 -9838
-8865 6640
2973 -7218
-7533 7341
-7528 -5295
4658 -6487
-224 -1098
2900 -6131
7073 -8247
4962 -8795
306 -9381
1534 -8681
-9121 -7366
-4925 3250
-505 -1152
-8914 -2167
1027 -2709
1630 2274
-1111 333
1176 -4405
-6224 -3035
-1106 -1971
7124 -5074
-5311 -6781
-2628 -4554
-8860 1836
-2950 -7055
2755 7167
-1037 -1745
-7900 -8257
-3904 4044
8684 -2129
-5420 -3450
2757 -5465
-2881 -12
-2081 9960
-2542 -2731
-2699 -1363
-8572 8327
-7695 418
4693 4153
-9197 -6311
7825 1219
-2835 7003
-4105 -5612
-1101 -8356
-6182 -4404
9297 754
-6425 6123
2589 -9305
-4376 1258
-529 -6323
617 8393
1646 1169
-3494 -7384
-2451 -557
1620 -6566
-1323 8277
-9505 -553
-1915 -1805
-7598 337
280 -9966
-7236 1737
-6810 3739
4004 643
2509 8201
6636 951
-4303 3777
-8996 -7671
5313 5026
-5092 -325
1916 2526
-6912 -4703
4500 -1016
4427 2774
-9774 1902
-1202 8014
-101 2472
-3760 -7541
-9678 -431
-3022 -3276
-1091 9142
-8877 1474
-8308 -7219
1490 -5251
-3305 -1912
6226 1447
1063 2922
-3613 -1801
2392 -3399
-7810 -6359
-6467 7540
-7791 9619
9189 -9145
9052 7195
-5187 9245
-4037 199
-7434 245
-8443 -1931
-3288 -5768
-9932 -3923
-9738 -5430
486 1012
-5196 -5089
-6077 -190
-4057 -3439
-2144 7318
-659 5551
-1276 1032
125 -5513
-8023 -5633
-2289 326
7845 7813
-6274 -1585
-855 -8425
2477 1003
-5686 417
-6199 -1135
-5250 3210
5421 6567
-1239 7020
-6869 -8297
-231 -2553
1450 164
-1521 -5419
-9237 -4385
-7169 6305
-239 1397
-6439 3828
-2977 -340
8297 -9871
6564 3150
-4772 1090
-9899 -7228
9284 -3215
-7878 1447
-9219 3163
-3060 6739
-7759 4962
-2180 -8898
2265 4579
-7528 -9945
-4602 2632
-6902 3762
-2529 -3810
6561 -9837
-6773 5769
-5452 -4408
7857 630
804 2732
-1378 -9455
-1727 9674
519 -6439
3664 -3441
-1680 1937
-9428 4643
7692 -5448
-8373 -5127
-571 -4197
-7678 -9180
3518 -5175
-1941 -6484
-8648 -7704
-3835 3202
-9326 -9210
861 -175
-1195 -6638
4172 -3147
-1906 7212
-9855 -6543
2557 -5029
4289 -4677
-4210 -8291
-6548 7930
-1051 -3356
1729 8691
768 575
7781 5184
1592 7414
-1920 -9821
1736 -229
232 -230
-3696 -291
-7421 -4845
-8484 -4898
-7930 8833
-1759 1799
483 -8529
-56 5243
-9053 2805
-3281 -3958
-2992 -2711
-3829 1799
-233 -9193
4370 3355
-1652 -3788
-3015 -7781
-5042 -4305
-9831 2424
-2356 5002
-6089 -2570
7368 -2968
164 7455
-7941 -3097
5890 -6440
-4039 -2289
4232 -2283
-9225 -9685
-3736 -9463
-3094 7896
-3921 -9280
3025 2012
-2515 304
-74 -9094
-2890 -3892
-9551 -4926
-9240 -9156
-7186 -8498
-914 -4662
-5616 9226
4484 -1250
-4651 2739
-5509 3756
-1892 -3036
5471 -4724
-2907 -8628
7384 5707
-3208 -5148
-8882 -5664
-504 576
-6352 -7966
-2695 613
5431 8440
-1504 1402
-7194 1680
-7478 -159
-8299 -2348
2048 5383
1999 3545
5481 218
-6664 -742
4304 6331
-7853 -8186
6792 4724
-5278 -619
-3123 4524
6735 8768
3149 -7656
875 5298
2279 2228
9558 2777
-9838 -4365
1406 -9215
9537 3315
-8309 -7932
1829 -8683
-5478 9402
-4172 -3028
-8728 -1865
-8439 947
-6349 -3050
1356 -29
-9637 4944
2612 7557
-9298 -7054
-4663 -346
-8156 525
-6545 -2711
7048 655
-8160 6081
8312 2675
249 830
-3953 1844
2264 4903
1633 -7864
4868 -4438
2215 -7765
-2771 1552
-5508 -2439
22 -972
8102 4896
-5072 -3243
-3559 2420
-1751 -726
-40 -6555
1829 630
-7426 -9521
-9237 2045
-9955 9169
-3548 1909
8837 -4192
-897 7168
1542 -9284
-5127 8537
-2183 -3550
-8901 557
4156 -1660
-6684 -4276
-2211 -9513
-8216 -8449
-8935 -9909
7385 5789
-6075 -5504
-6906 -3495
6541 -1289
8385 -8354
-5 -4954
1893 -4610
5114 3249
-2025 4838
-6693 4277
-5972 -7498
-4936 -314
1612 -5551
2903 -3812
3765 -9360
7474 2441
2467 3323
-9451 6574
-8881 -2150
-4857 8719
-2474 7945
-1812 -2492
-517 -4661
9834 8210
5231 -8224
2666 -3463
-3312 3482
-3390 4558
-1296 2700
2001 7212
-4713 -4220
-2422 -2905
8812 6875
7669 5858
-1584 2442
-9422 -7807
-5045 3743
-6464 -5247
587 1456
-579 7655
6954 847
-1970 1558
-7185 -9633
8001 -9435
-3208 9350
1265 -4848
2679 -1692
-6806 -2899
7002 -5277
942 9858
-7280 431
-9000 5814
-6008 -5081
-7874 -1595
3612 -9100
8252 -7144
1230 -2886
-3121 500
-3086 -8946
-4738 -1007
-5843 -1017
6688 4430
8124 -489
-1510 -5277
5399 -4677
7528 -3848
-5769 -2543
-4161 8244
-7658 -3542
-3984 7384
-1641 160
-9713 -2931
-6074 6890
1588 -7109
2112 2766
2306 348
-3146 822
-5306 -464
1806 7238
2754 5906
5675 1772
-1141 682
1774 -8743
720 -5403
-2820 -945
1532 -8254
-2910 -4324
-2626 -2770
-4713 -9946
-5658 -1677
-8767 -89
5394 -5652
4251 -9572
8747 -2212
-1931 -9640
-5142 1344
-9956 6270
-4897 -542
2172 9518
851 -3569
67 6975
971 -5621
-9305 3215
-6288 -7740
-7733 2199
-6707 9220
-8738 -3773
-8551 9931
-3739 4608
-4490 2108
2650 -8458
-5671 8182
-428 -3272
-373 8550
8105 6489
-8977 60
2034 194
-6331 -1765
-9170 9570
1390 4757
8969 -1979
-1903 -9162
4414 -760
-5794 -7521
-1125 -6261
3153 1015
-3484 -3833
-1416 -9987
4794 -7069
-4391 -4832
254 -2558
-5010 -4526
8497 -9441
9394 -8133
2237 -2980
2081 -7926
-1031 -3145
-8390 -5967
-8471 -8034
-9176 2130
-1371 -1628
-5886 3092
4795 -3819
-912 -357
631 -7930
-3345 -6185
-2078 -6864
5014 9115
-120 95
-7814 3889
-2338 -5594
879 -4756
7460 -6251
3728 2494
3144 -1554
-7488 4395
9835 3700
-5966 2525
-3224 -8219
-2042 -8134
9778 -9558
-9354 4595
-9891 -3572
9552 2174
-2848 -2839
356 1286
8473 -1177
-3072 4513
-5359 -2679
-6918 -29
-510 3744
6670 -2158
5654 5091
-9943 793
4210 2497
-4795 -7616
-4525 -7178
-5803 -6788
1047 7357
-3356 6755
-7104 -6938
9881 -8893
1268 8392
30 -7885
-440 -8104
-5727 1354
-2273 -517
-5254 -817
-211 9784
-3634 3280
-9759 -7727
-9580 -5577
-5725 -2445
-1802 -7334
-4711 -1940
-550 2482
1936 9277
-3455 -1234
1273 2257
-2129 -6039
9042 -6323
3405 8825
6407 7
1612 7114
-6279 2428
-7957 2666
-6754 -4548
1082 -5114
-3960 -6839
-8801 -139
-9078 3393
-3751 7123
-7591 -6377
4868 -8559
1712 7817
-7811 -4821
-9546 -3731
-1914 -2598
9315 -6547
-8277 2315
-4991 -458
1510 -8305
-2544 -9205
-2976 -5644
-8820 -8897
7097 693
-2573 -2461
-9558 5966
4066 4092
-4663 5746
1663 -967
-6322 -4352
-9988 -7613
4659 467
1626 -5483
-5344 -3622
-2707 -6641
-376 -5753
-4897 -3610
430 -6293
3415 -3586
-2548 -2270
-4325 -2598
-9450 7979
-1101 -3917
-2822 59
2672 -1880
-5686 -6606
1709 3221
-1794 -8530
981 -6617
5107 -4353
-3547 2446
9977 1499
2579 -8652
-3092 -814
9776 2605
-4672 836
1770 -6321
-2557 -8654
-7787 2405
6653 -1645
-4022 8318
-3269 1192
80 -3701
2541 -3310
3643 8490
-4340 -9854
7218 2780
-9568 2993
-5099 -4195
6113 -2671
-4929 -3243
829 -7292
3208 3626
2649 -9301
5390 2201
-9541 -9790
-3018 1125
1448 1034
5741 -3442
-9783 -4761
-6124 4838
-1517 -2581
-2373 -6720
359 8338
620 -7382
-8873 -7184
2956 1661
-2742 -5592
2718 7218
-8254 -4577
361 3096
-4900 -1968
-1990 -5405
8568 -8640
-147 6342
-6406 -2635
-5432 -4316
-9137 387
-9272 -797
2324 -25
8609 9507
-5388 5079
-7904 -786
-3344 1529
8883 -1776
-6268 -1420
-7637 -8183
4744 9829
1089 2272
3316 7058
-8649 5402
9927 -4924
-1696 8076
-6486 -3280
-6046 1517
-6832 -1290
-4261 -8625
4353 2766
2 -5744
-7433 -6432
-1713 4204
2729 -3085
4414 -267
3366 905
-368 -1275
8804 5001
-6445 -1869
-3718 -8484
131 4549
8426 -1157
-8560 -5243
5699 -119
-4190 -4777
6022 5438
-8038 3498
-7193 4547
6139 972
-7561 7461
-1623 1155
-9088 -2300
9521 -2150
496 -1493
-3511 792
-7079 2661
953 -5800
1016 4557
4474 -5292
6997 2726
1246 -6462
-2358 173
-6191 8292
1160 -372
-9890 -7397
1686 5393
-8875 -3268
-3940 1182
3563 -9274
6207 -9887
-5438 -7406
-83 -8217
2443 1612
1819 -8051
-3415 -2047
109 -6217
-7528 7065
9591 -2268
-9778 7399
4609 -1502
-2432 9727
-48 638
-1624 -9944
-3773 -3777
-8506 -6702
4410 -8428
9957 -2615
2238 -1174
-640 -2070
8189 -9982
4612 9557
2357 -7581
8535 3108
-9869 -1908
-6343 -3013
2716 4748
1738 -8767
-9237 -5962
-9140 9358
-4132 2223
7211 4229
-6838 -8918
-7366 -1884
-2572 -42
7232 2553
900 9750
-8525 919
1491 3601
-9053 -2774
5415 -9557
9883 5096
-7297 -3500
-3389 -2968
6609 6720
-9079 7511
-2895 4182
-5695 3208
1173 -1171
4170 683
-1002 788
211 -4094
-6918 -1424
-6593 6384
-2160 -2101
5381 -1229
8411 427
-7558 2708
-1165 -9759
2035 -4707
1256 -2045
-4090 -5206
-5368 5469
6064 3714
-8797 -4093
1148 2856
3661 -4086
9378 6669
-2555 5912
1647 -7832
9395 -6824
7204 -183
2743 -9870
6497 7146
-5889 -4709
-6909 -6489
-8103 -3767
-3509 -6640
810 -3254
7169 252
2206 -1834
697 -7424
7938 -3391
8277 -9919
-9875 4853
-6485 1894
1190 5664
-4056 4529
-8382 1930
-555 -8560
269 -6198
1785 9135
-4693 -2439
-3360 1072
7807 7047
-8005 2814
-52 -9332
-8441 2430
-8453 1442
-5390 -3130
-5924 -9519
-357 -8941
6991 4427
-6406 -202
8901 -1958
-2464 7726
7779 7990
-1248 -1060
-6616 3323
-6354 -3405
-9009 -7302
-2618 719
8087 -5073
4720 -3129
-4288 -3724
-9757 4326
-9864 -5677
3976 -9130
-3464 -8639
769 -930
809 6506
7561 -1682
-4150 -1561
9853 -4809
-1322 -4809
-7428 -159
7234 1165
6027 -1225
-4603 1670
-9989 -9466
-9605 3646
-7729 5222
4267 -2876
-1767 -8360
-6169 1194
-6683 -1487
-6861 -6495
-3144 -2603
-2038 -1435
-2118 3944
-9442 -7019
4562 -2943
-5089 7207
8624 -4416
-4226 -7463
5041 -4543
7058 618
9182 6129
7547 -3926
215 -4448
-8379 1487
-8754 6392
7886 -5559
-6698 -3443
3563 -5383
-2978 -7722
-952 -3202
-5928 4667
8368 -8817
7264 5231
-4532 2224
-6503 -9984
5902 -2913
-6375 -5363
3409 3118
8264 503
-1383 -7370
-8507 -6309
1089 -535
-3606 -2434
-9163 -7095
-3311 1066
-6244 -7880
-6665 -9031
-3781 6287
-6272 1135
-1386 -9197
6843 -6164
-4137 1316
-6521 6594
-6828 1112
1270 3493
5037 6152
689 -7583
-6093 2409
-4899 -5936
-7761 -1890
-2308 1131
-5054 -8052
662 7200
-9720 -8690
3962 -570
-3837 5866
2624 7341
149 1635
785 -8359
-2258 -5103
4201 -1071
-4633 -4658
4091 -6094
-9075 785
-2763 -8438
-3805 -5023
-9466 8162
9697 -7038
2142 -9061
2177 5108
-3627 -9956
-4740 5917
-1073 6666
-7600 -797
-1027 -6790
1445 -1473
2567 -1373
-2704 -2610
-5046 -552
-3689 -7606
-3300 -8716
-7369 -6152
9880 566
-4254 6595
2710 -4529
-6035 -7863
761 2234
2633 -8556
7152 -180
-6705 -6452
-6059 -2548
2658 2507
9658 -956
16 -8750
-9306 -3112
-6183 -6822
9626 -6441
7443 -2099
88 -2224
-4051 -4811
-4922 -6809
9203 2453
-3377 9672
-8174 4920
-757 -7782
5020 4262
-5951 -2920
-9587 6558
-2390 -5956
6991 -7456
119 -4899
-2149 1066
-9003 -3877
801 -9626
-4784 -6984
5514 -9694
-7498 6665
-7044 -6592
382 -9107
-1890 -273
7689 6685
-7043 -8998
-6489 -6939
-1138 -385
-899 9362
4884 -8574
7270 -8787
708 -4029
1879 -5881
1608 -1587
711 533
-7999 -8975
-5681 -9666
-8208 -6510
-1841 -79
-7498 4002
-8943 -2083
3995 4558
1777 -7076
7276 -5707
7357 911
-5368 -3585
7578 1680
8734 8715
-7192 -5436
7503 -1847
-8282 -9937
-6375 1801
408 -3955
1015 5716
232 -962
7747 2330
1228 -1983
-707 -9749
-313 -316
-5487 -9270
-3855 2011
-6860 -9442
6171 143
-8305 4875
-1298 -5351
4863 -3134
-6924 3439
955 -5388
-8806 5822
-872 4236
-6189 9850
-2133 2973
-2144 -3503
-9555 -2695
3311 -2618
-9917 -7259
-1918 -7683
-1186 -6423
5106 -430
4479 6476
9491 -3793
1568 191
-6215 -7555
-8624 -2119
-6821 795
-8323 3267
-4200 -3315
310 1717
1143 7511
1617 -3295
115 3850
-4149 7821
8023 -7267
-8434 -281
3366 6720
1560 -8011
1182 5709
-5766 -4470
-226 2657
-8771 -3520
645 -7735
-7060 2626
29 -2336
-7890 -1976
-9863 2616
-5358 -9431
1722 5175
-1199 -1780
-7560 4964
46 8832
-3137 -8926
2529 -5363
-9672 -196
980 1418
-566 -6559
-6323 -2735
-6048 8947
-6834 9423
-8276 -8070
953 -4960
4428 -1985
-1608 -6149
-5011 1237
5500 -4599
-7186 6426
1636 -6404
-8794 1439
-7903 5790
-441 -5756
-4105 1991
-219 5192
-8537 -1996
-5998 -1345
9643 1908
-8660 -347
8577 -3804
-8614 7313
-2293 1565
-9069 7406
5942 1740
2239 6406
9690 -477
3394 2112
-1599 4335
-6250 -5044
7340 -4086
-9705 -6212
-6478 -3247
-4987 -7851
-9910 -1608
-9274 -5210
-7092 -9700
-8309 -4007
-1069 7097
-8044 -1625
9701 7133
-9483 -8399
4598 -9507
-7109 5644
-1911 -7160
9386 -1955
-359 -7015
-2615 -5563
-4393 -3056
-1023 4830
-3499 -9982
-3039 -5977
-1310 -6320
4869 -7523
-2857 -8874
8472 -8437
-8526 -7611
-2632 -6654
2720 -2317
-3911 3916
-3231 -4143
-9267 -6818
5862 3069
-2846 -7699
-8642 2297
-6036 3970
-7630 -6468
-9787 6128
1325 6344
-7310 -8475
8928 5467
-3256 -9056
-8923 -6934
-8017 386
1922 -2133
-6459 4296
-368 -5614
902 -8712
-6659 1630
4331 -2599
-6001 7444
1360 7016
9930 -1491
4187 2601
-4204 -9716
8537 -3622
6838 -3534
1035 8750
-6555 1173
2402 -6663
3267 654
-4506 -4825
-8544 -6893
-7523 -3150
-1852 -3035
1642 -3052
177 -3766
-9676 -3943
-2619 1821
-1559 -4040
-5026 -8828
803 -8924
-2303 1602
-8535 -1762
-4132 -370
4441 8526
7626 -5979
9125 -1262
439 -3012
2427 4533
-7675 -2568
-2327 -2525
-6642 -5503
-3903 -2180
4427 4244
2233 -7480
-3148 2200
-8809 906
-8471 -1581
-6613 6456
6288 -8354
-3 -4151
-928 470
5768 5424
1598 -3627
2727 -823
2182 -3008
1776 -6223
7660 4514
7230 -3558
-4957 -6150
1747 -7617
-994 1936
7485 -2507
-1835 4525
1848 -4061
-534 4107
-1259 916
-9587 -6357
-774 6698
-6627 -3642
-1335 -8043
-10000 7974
-3611 1668
-3212 5014
51 699
-3594 -8457
5630 -8859
-3100 -3532
-1987 -2900
-2130 8664
-2248 -4216
818 351
-3575 1204
8729 10
-5312 -4953
1019 4023
-5622 2529
-438 -2767
-814 -9244
-434 -3293
-8568 9542
-2804 3827
-6078 -1820
-3347 8333
-1120 -8296
5180 6876
-2764 3342
8112 160
9346 6068
-2933 573
-188 -3248
-5086 -2639
-3759 -3114
-9378 2760
-2465 6138
5474 3987
2630 1027
365 -9962
3591 -8863
-1566 9281
-2195 -383
-9401 802
6131 -3010
-8532 -9160
7111 570
-7252 -6997
-6355 6349
8856 9114
-3290 -1572
2738 2613
-2574 -530
-9193 5997
-1164 -3845
-7935 -4888
-5930 -5785
-6932 7513
-8019 -3442
-8329 -2320
1661 3359
-8339 -2162
-128 -3890
-3707 -3268
-9533 -603
-9306 -4292
-5678 7962
-6865 -5089
7317 -2105
-4714 5560
-4838 -4970
-7280 4050
-3818 -5669
-3503 446
-4250 1191
-3629 -7953
-2021 -4358
1820 -5878
-8907 -5735
2491 -4905
-4049 -288
-1068 2781
-4612 3705
-1155 -3858
-7409 2350
-7321 -5282
-3807 7931
-8511 -5318
-9553 4968
-2983 -5290
162 -8714
6949 -3192
-1068 -4713
1889 -9197
-2449 6786
2105 -6810
-7304 -9561
-8342 -2041
-468 8513
-5436 8394
8329 7562
178 7494
-7408 2547
-6499 3209
-5686 628
8046 6155
649 2016
7155 -9535
-1936 4765
772 -717
-3435 -8237
-7066 -7216
-7002 -2558
-9617 5312
-310 9881
331 1051
1002 3748
-5441 1592
-6128 5670
-1844 -6872
-5074 -3161
886 -5692
417 -6800
-3290 -1180
-6921 -5195
8652 1873
-6768 2993
3209 -2595
6082 376
-3796 5362
-3425 -7287
1084 -3671
-5990 -5085
-9515 -8836
-985 -197
822 -931
3587 4618
-6341 -6551
-9548 -5173
9606 -6729
5842 2694
-861 -2667
-2969 -6618
8203 8949
5330 -78
9802 612
-3022 6554
8797 348
-1247 -1136
-5026 -9350
-8609 -6214
-8861 -2574
8529 -5691
675 -5695
586 8764
3034 -9180
680 1209
-1809 -825
-5854 -6758
-844 -5087
-6175 -2216
-4721 -2754
-6228 -1644
-3049 8220
-280 -3885
-7072 -134
-3393 -596
7482 1262
-5087 -1025
-9706 -8714
1193 -5719
1228 1297
-1150 -3083
-3111 4592
7913 -9707
-3956 -9913
4340 -3311
-3677 3432
2067 -7522
2226 -1039
-3370 -6253
1604 612
-8112 313
-8572 -1831
-9638 -8991
-5698 -6449
3195 826
-1150 -5400
-7001 -2589
5897 -7242
-8859 -3106
347 -6832
1045 389
1744 -3446
8593 -7615
8341 -8348
-6636 -7367
-9390 9441
-3303 -2424
4361 -5894
1125 5522
-1470 -6060
-9177 -8584
-9627 -1008
-1761 -8694
-697 -7934
1021 -4419
-4952 -8156
-9429 893
-1764 -9556
-4914 -2747
2218 -9029
-3735 1900
209 -6185
2114 -3102
-1903 2331
8681 4187
5001 45
8854 -9685
6237 -9967
-622 -4525
-1990 1820
-8551 -4773
-8131 -9524
-9057 -3231
4848 918
2129 5361
5047 8895
3069 -6603
-9749 -9585
-5772 -5842
-8508 7235
5902 -3068
2556 -9630
-4625 890
-7151 7187
-151 582
811 8845
6242 -6816
-1504 718
-4585 -5160
-7020 1936
-1918 -7603
-6011 -4231
1208 -3397
5702 -9326
-2027 -2891
6601 506
-4644 7476
-2077 -1828
-5446 5614
-1877 -8322
5547 5546
4387 -9125
-1313 371
4122 7060
8638 -2581
4688 514
-8151 -1310
476 7535
2275 5415
9419 9702
528 -9090
-246 -7800
9308 -4973
2950 385
-7201 -4562
4241 3098
-7936 -4152
5000 -6832
-4616 3421
-7790 -412
-7815 -1087
1612 9045
-1586 -5256
-8093 7435
7557 5825
-3390 -939
-6550 -7406
-3987 -331
-8587 -1878
1836 -4070
903 7651
-3412 6639
6385 -313
-3198 -878
-5450 837
9426 8456
-2670 -9085
-2257 7439
6074 -4298
4420 -2924
8038 -688
-5166 -475
-9459 -5095
1947 -8598
-4977 5249
-3330 7408
-8103 2485
-5180 7557
-2043 4592
-6469 -5877
3872 2996
-3296 2183
-496 2649
-9501 -711
-9099 -4187
8421 -1871
-1138 1148
-4923 6624
-8320 4154
-5445 -9587
-4045 -3009
9125 -7831
-2338 -725
7329 -3291
7620 -6422
-7655 -1694
2654 -4015
-9051 2121
-3397 -5014
-3122 -9828
2277 -2196
-9713 -2132
-666 -5137
2369 6797
2827 2366
-3817 3623
-4120 -3347
-8473 -8753
-2148 7533
-1526 5013
-1321 -9314
9989 2718
-2023 -7771
-9431 -3083
-9316 -801
-1000 9342
-4332 -2028
-2102 -3604
3990 -2226
-369 8468
4951 3436
-5931 -7520
-2762 1331
-4212 -5112
-1795 -5820
-344 1758
-8636 -6252
-4441 393
-9769 -5672
8244 -6411
7962 -9025
-1429 8041
1545 -4444
-4898 6649
-1244 -4540
439 -3491
5099 -1331
2495 4033
-4442 1912
4478 -4674
-535 -1992
-7292 -3703
-2698 8851
-3961 8042
-6877 -4943
7086 -2480
-2883 -1902
-6514 -6044
1997 -5563
-7214 7163
-6278 7287
-2047 -2225
-9137 -8760
-2757 -9072
7135 -2460
-253 1239
-6010 -4784
6499 3580
3346 -4124
-9235 -2871
898 -6472
-2754 -4146
-1778 -8926
-4312 -3242
1351 3135
-2192 -3462
6975 879
-2316 -4428
-4084 -5498
-2703 -8585
-5879 -4384
-3899 -7779
1918 -587
-1360 -1375
7746 -9810
2496 -4434
1118 -8201
-7923 6871
6579 -7499
-4990 2569
-9985 345
222 -8258
2460 -7883
3034 -3117
1705 -785
-4085 -1731
-6099 -2668
-8534 919
3929 -3921
2706 -5185
-1555 -742
2505 481
9118 -3437
4739 1684
-3881 2163
-8060 1188
-2755 -8900
2661 -2961
-649 8977
-4711 -3787
2990 8010
-4913 8169
8018 -2329
3354 -1875
-5987 -6363
-6224 -7171
7548 -5041
-8976 -86
-918 -841
-1176 4235
-4001 -8059
1014 -2833
-5462 1679
-7347 2294
-4549 -3382
2554 -8256
7844 927
5543 -7675
2176 -126
1631 -8921
-7756 -7617
8435 -8283
9621 6806
637 2194
5739 -4439
-572 -8699
-5995 -3565
191 -8494
-7763 6395
3069 -4263
-3443 -7704
-3644 -1891
4882 2648
-487 -6920
4543 2668
-5952 7309
-6299 4486
-7997 -9410
-9374 -5738
-2024 6559
-8408 4689
-6850 -7510
384 9572
-215 -5579
-4306 807
4447 129
-137 -4011
-4959 -844
-3968 -4742
-2034 -7158
7448 -3122
-6524 -281
-455 5058
-1464 -304
-8245 -9416
-1368 1466
-2006 -8200
-4672 -9757
-4919 8000
9690 -7424
1878 -5956
1593 2135
-6048 1463
-5161 -6514
-3466 -1744
-9395 -5917
146 3280
-2092 8733
-2985 1082
-9174 -1725
55 -9948
5015 -2644
-5929 -2138
-4432 -1866
-3338 -5071
-9541 1851
2764 3714
820 -9823
8176 -3722
2640 -2159
2173 3008
1408 -2357
1590 1977
-7848 -1545
-4409 -3049
-6832 -4993
-9426 -6495
4651 -4421
9497 -2590
-6089 -1267
-8303 1820
532 110
-3592 -6240
-8360 -3415
-2256 -3749
6610 -3513
2044 -8942
-7987 4426
-5109 1329
9976 2206
9137 -5536
-8636 332
-3016 -8264
-9811 -2223
24 -6539
-2564 -8722
-7390 1164
-372 -3870
8643 5534
-9396 981
7559 -1779
-8891 -2634
-6980 1359
2173 -6296
-7143 5185
6427 2520
-6242 -5474
-52 -9710
8189 -5136
-7836 -9036
-5286 902
9193 -4925
-176 6471
-3571 -6563
-8620 -9435
-9766 -4177
-7779 53
-7149 -2360
-9180 -801
-9000 -7955
5224 -3279
-22 -1618
-8363 -6247
-3344 -7943
-8282 1266
-6534 9678
-2359 -6274
-6268 -3277
-7613 5045
-803 -7992
2611 -7747
-8216 4702
-3973 635
898 3683
-1060 -7191
-4282 -8383
5889 7368
-4082 3529
-1729 632
6266 105
-9669 -2426
-3435 -7866
4492 1636
-2890 1190
-8189 -7553
-4219 1036
9801 -8595
-9217 5737
1896 -122
9436 -1679
6956 598
-8786 2957
-1557 -3185
-4275 2607
-3070 2755
2289 -3797
-9054 9746
127 -8701
5964 -6559
1351 -957
-3463 -7507
4685 -6609
4797 -6530
-1273 -4582
-4788 -1281
-2233 6361
-7779 77
-582 -8873
-3826 5774
2159 2250
2504 -3805
6972 -1211
-8123 -6303
4094 -1713
-1168 8125
9983 916
-3604 8326
9533 2235
7223 -5928
-4152 -9704
-1713 -883
-2452 -3709
5398 -6601
-7312 -7672
-9005 1516
-5826 -1696
-647 -9408
-8700 833
-565 -2567
4602 -8271
7648 9311
-4730 -9728
3684 -6957
-6468 -6665
-2753 706
-3350 -7477
3130 4057
-8910 -8649
-9537 -7109
-9575 2825
-4416 -5967
-2464 -9701
-9316 4065
-5007 901
-1443 -1085
-2627 6705
-4188 5264
-1789 8943
393 -8165
-9453 -7254
1118 -1724
-1164 2619
-6860 -2453
-6941 5693
-2527 1058
-6467 -8287
-4288 -122
-4097 -7486
-1448 1071
-7957 -9605
-3358 2662
-9523 1975
1733 1655
-5921 -6711
7140 -153
6795 -9794
-7141 3559
-5617 -9904
-5818 -8150
-2299 8221
-1277 -6029
-1117 919
-7624 -3373
-1951 2909
1720 -9294
-7591 -919
-7518 6987
2644 -8949
2666 1565
-5886 3575
-227 -8450
842 4666
-7425 -3725
4003 6675
-3721 -6978
-2847 -8481
5357 3416
-683 -9259
-9262 -9889
5102 1428
-3903 -9455
7557 -1511
7333 5689
-584 -8875
3644 7177
-8940 -5409
-1702 2441
-3624 4294
913 783
9912 -6934
-849 912
-5793 2923
1832 5814
1945 8770
-1579 -45
-3920 4463
-163 -1036
4917 -3182
-620 6361
2530 1374
3010 -3612
-6371 -7734
-347 -2032
-5025 -6294
-935 548
-9707 8350
-6090 -9144
5703 681
-6853 2231
-4616 965
-5558 -5962
-4882 -2378
-2829 -9948
6194 9564
-1802 -2381
-4999 4652
-7580 -6571
-7964 -2944
-2299 1210
-9435 -498
-5697 1978
4836 -2793
-5867 -787
-8095 -2206
-7922 5603
-3014 584
-5256 1265
-6833 -9807
-7124 2537
1828 -7713
1364 -3666
3271 -1432
-8694 -1754
-9230 -6678
-3997 -336
2195 -8038
1676 3351
-5269 -8386
3091 8904
-7340 -1828
3017 -8191
7303 -7982
4967 -8437
-2628 -8248
-9425 7018
-1774 -8318
-460 -6830
-1102 -2821
-9283 9884
-9712 -50
9509 5689
-5967 -3882
9543 -6874
-2861 7449
-4552 -1663
-7063 -6751
-7403 1370
-6074 -277
447 8653
1693 -2749
-3868 -8496
-3930 -5488
4160 -184
259 -1781
-8828 -7967
7011 1430
-4363 -5634
-4633 -4853
-7656 4397
-9276 2354
2797 6942
8360 -1865
-935 6678
-6816 987
-4855 4511
-2022 -3606
1492 -5822
-7994 -5170
5280 -3784
1922 1410
-2425 -8675
-8362 616
1499 1798
605 -7489
-7704 2133
-4346 5104
-807 714
1369 -2840
-9858 -2468
-9858 -6838
-8980 -7864
-2342 -4666
4677 5097
9723 -9403
2650 -3895
-265 8454
9839 6263
-3632 430
62 -9350
-9030 -4645
4926 1477
8064 4538
2852 8363
-476 -1670
-9302 -6092
5830 -8031
1424 -1679
-4410 -5027
-8511 -1043
-9427 -163
-7048 1476
-1495 -8031
1186 -8
9368 -8913
5062 -926
-3352 -5496
-926 2214
-1637 -4902
8919 -2070
-6192 -2825
616 -5112
-4448 -1274
-3362 -1887
6215 -5640
1040 629
8484 -4898
2561 881
4322 -7910
5387 296
7543 -525
8859 6245
1869 -4468
-3108 1535
159 -8713
9465 174
9255 -7098
-5219 9725
-3882 2050
-8899 -5183
-3677 7296
-7015 -375
-4953 -1615
2014 -7177
-536 7096
-4945 -2098
2069 -5759
-6490 -2101
8753 465
-4459 -4263
-5900 -6791
-6510 5184
1551 1166
5235 -7682
-5234 -3842
7253 -1704
3362 -3205
-6940 -2670
1664 668
6006 670
260 -9979
-2184 -4590
7322 -4829
-2002 2493
-8226 7773
-3436 9595
-3198 -664
-7541 -1465
-8496 6841
-6511 6736
-8687 864
-6609 -6097
4366 9555
-5223 5304
2933 -8696
4465 -2257
-770 -4120
-5395 7293
4717 -3424
-1765 7811
-3941 -2086
-9022 1454
-6383 9900
-3542 -5940
-492 -3218
-7329 -3842
3239 -3951
274 6318
-5747 -5745
-9503 -7486
-5041 -9218
-1288 3922
-9827 -2167
5207 -9033
-8360 -3328
7061 -2876
6319 559
1414 -7398
-8600 9037
-1958 -2314
-3390 -5707
-1850 1166
-4936 -38
2822 -9828
297 1559
-5181 -199
-4651 1348
-239 7342
-4149 3792
-8355 -4281
-5791 971
7013 -5271
-7613 -3709
5512 1734
-1488 947
-6080 -7474
6209 -8106
-3091 -7480
44 5378
-1580 -7806
-5112 274
-6041 -7355
-9551 -9148
-4441 -2836
-6930 -9115
7559 -4522
49 586
4787 -1286
9215 448
-240 -6117
-6255 9894
-3962 1020
4058 5785
3708 5621
170 8976
8611 9063
-4462 -6038
1909 -7763
2569 -8955
-1793 -3661
9295 5456
1597 7115
-7248 -6077
-3227 -4578
-3125 -2419
1191 9792
1235 -1490
2195 6631
3797 6919
-6149 7741
-6597 -5266
-901 -3212
-2351 934
-6794 -6663
1063 2671
9507 -3924
-8426 -2471
-4280 -6161
-4282 -3937
-9243 -7779
-6674 8690
1844 2078
-2754 2259
-7345 1080
-8582 2694
1491 -3673
-8025 -541
-1948 6864
-3796 -7890
1234 -6350
5713 -9623
954 1375
4842 6345
-2033 -5430
-2758 -8922
2522 3040
3346 -8777
-1856 764
3385 -3330
-2621 4342
-9200 4191
-9748 700
2390 -1673
-2201 -2652
4074 4234
1615 -4480
-3889 6109
-4564 -45
-843 -6874
4154 -5437
-1803 -5823
-6292 4527
-4867 -8156
-4015 515
-8307 -4363
-2282 -4278
-1823 -9989
-6324 -6877
-3952 6578
363 1783
6484 -574
8823 5930
2283 178
-1694 -8368
9693 8313
-3822 2018
2655 6166
1188 -111
3704 -8031
5649 -6598
-4286 354
-9744 -2757
-5101 9664
2013 -7803
2461 -7716
-839 -5262
-6222 -5441
-9359 2041
1292 -9808
-925 -8289
-8789 -6741
-3522 -2991
-3808 -4849
-6775 7823
-5269 -8841
-344 3371
-2272 -2389
-9798 4722
-5329 -5353
-8410 -7766
3268 -3651
-9929 -9891
-5812 -4281
2630 116
6169 -7873
4183 -3480
1895 -3166
806 -2987
352 -5166
548 -6415
-995 3724
9372 -2693
-5713 -7430
-4773 7767
9085 -7095
-9648 -583
-7314 -1955
5903 -8257
8297 -93
6428 6596
-1317 7560
2535 3410
6745 -8408
-77 9689
3719 -8247
-1957 3453
-5864 -6807
-6057 1204
-2090 -9547
7163 -8527
-5147 1597
-4287 -966
899 -3292
-3607 -9951
9042 -8356
-8547 5329
-5126 -7407
1658 -9242
8649 6532
8972 1794
-1924 -9189
4761 -802
1154 6775
5824 -1538
2622 -3450
-2461 264
1038 -134
-8829 4854
-5941 -8262
-4564 -3542
7248 -8104
5969 -7966
-6019 7235
-8456 -2036
-4386 -7363
5337 -2501
9480 -3024
-5021 9146
676 -6340
-9216 -4576
5648 1748
-5190 -4251
1825 -2230
-930 -3019
-7411 904
6624 -9341
-1143 -7455
-6753 -7393
9518 6022
-886 -7317
8001 -9891
-7517 -1622
-45 2512
1603 -2886
-1562 -7742
670 -7997
4018 -4697
4360 -2832
-3482 116
-3240 -1538
5651 -5196
-9523 6131
-603 5757
2639 -2415
3731 1859
983 1899
4058 -4405
-48 -3817
261 3586
-7233 -6523
-9168 -2577
-3198 -3409
-2036 999
-4266 945
9541 -4608
2139 -1318
-1629 -3128
-2789 -2621
7822 1846
-8727 -3392
373 480
-7609 -4683
-5615 -5041
-469 9003
8197 3664
-4766 -3132
1065 -6771
-2347 -3317
1992 -6244
939 -9938
-9562 -394
-8049 -4496
-9850 3370
1203 -5605
9898 5874
662 7795
6396 455
3810 3665
7469 -2255
1849 -2130
-8003 -8191
-9007 6942
-2534 195
-3299 -8353
1036 1326
-3857 1298
1104 -5858
3482 361
1892 3396
989 -734
9283 -645
-3747 -4397
-4208 -6818
2641 4230
-8616 1017
-9148 1223
-301 -2850
6198 -8388
-8212 8057
-4796 9332
-7391 5989
1674 -5853
1325 7904
1798 397
-7836 -8356
-2433 -8736
-5249 248
-6586 1896
-8711 -4337
-5093 2557
-7912 -7249
-8973 3839
-2992 -51
-8840 -1883
9829 8534
-1198 -8846
-8113 -6071
-6907 201
3235 6244
-1957 -5373
-2352 2876
-3901 1759
7430 -4271
-3014 -1287
-1186 -2271
7401 -323
662 -4325
174 -1026
-3332 2231
5888 -9118
8045 -2972
2606 1472
-6146 -8606
4583 -6226
4091 -9038
-3329 -6060
7150 -9781
4208 4836
6338 7726
-2113 2734
-8664 -3493
-7231 8719
538 -9339
-8898 -6550
-7074 2692
85 -8037
-4754 -9078
576 -3481
-3306 -2535
-7207 -9801
6269 -1390
-2852 4935
2055 -5904
911 -6086
2842 -3689
-6880 9744
-9441 -6969
-6642 -7237
268 -8362
8234 2574
-4000 1789
-5153 599
-1874 -3184
7216 2703
94 4052
-8703 -1393
-2736 -8883
-9447 549
-5821 6069
2151 5127
-6571 9076
226 -8761
1387 -4372
-6027 -5784
-941 -2092
3771 7984
-2392 -1656
-6266 2590
-4266 -7778
-9657 -1698
-7521 -4100
-9399 1915
-3074 -3767
-4257 -3339
2377 -7775
-6432 1171
-7524 4525
-8241 -2182
-4236 -1774
-9184 -9026
-9831 -9240
3223 1497
-7329 9550
4467 -8006
-530 2173
-8916 -993
-3455 -3878
-7399 -7002
-9779 -5681
-7883 8256
8707 2556
-2270 -7001
1175 -4086
-8114 -9742
-5631 2049
2550 -5273
-9724 -997
-7352 6800
8685 7128
4461 2193
-1378 2611
-8889 -9320
5420 2356
7191 2358
-7226 -6744
5155 -6739
2263 -3954
6902 5355
4142 180
-7448 -6026
1083 -7775
-6305 -1816
-4355 4051
4182 -9475
-9190 1165
-4707 -3477
-5170 -2999
-127 -1710
-7960 -3852
-9875 -7853
-207 -2630
8113 1477
2574 1119
4739 -1530
5576 3473
-989 -977
-406 8410
2308 9548
-6805 378
-2265 -1590
-1523 -5420
1001 -2351
389 6952
-1567 4212
-7460 -6431
5155 -5082
6069 7439
328 7344
8976 728
-2639 -863
-5202 -6070
-2934 -7131
-8746 8629
-7700 -3656
-3336 599
-6235 -867
-7376 -4105
-8517 -9046
-5587 1590
-9905 999
4562 9059
-5345 7639
2588 6222
8911 -4523
-8763 -2113
2281 2403
-983 -3864
5826 -5153
2759 -9032
-2721 1591
-2326 -687
4343 7710
2921 925
-9829 1151
6668 956
-2988 -6926
7248 9889
-9301 -627
-5620 -7074
-177 -4867
-1067 -483
-7758 4341
-2209 -8879
-2283 5
-7067 -8116
7781 9327
-1494 -6894
3782 -5130
-4991 -8914
-6417 -4328
6506 7075
-5354 -4962
-4289 -3835
-4946 1905
-2866 3209
-5970 207
-697 -165
-1388 2046
-9736 1903
-1526 -3040
-6825 7898
4039 -2616
-4512 -4991
-7527 -9555
1568 -1071
705 -5956
1169 -8814
-6528 594
-666 822
-6351 6346
-8342 -5290
-1418 2004
6628 -6881
7992 -6361
-8226 -4824
8841 -2728
-1914 -4408
-9556 4619
-4396 1734
-3112 -5558
-7059 -8464
217 -7020
3016 -6256
-9961 -6377
3471 9628
2107 -703
-8888 -5715
-6161 -9069
-3308 -7981
-1627 -8968
4471 -7610
1179 2676
-3462 2687
-6147 -1856
3726 -8023
5739 -1259
4818 1586
4957 -5945
-3242 -8345
-251 -4587
-5024 -6049
212 -4387
-6225 -298
703 -1355
8479 -5219
4675 1624
-4371 5904
-9913 8477
-6629 4200
-255 -6674
-8459 -6350
-645 -1832
-9451 -5408
4695 -3970
4996 -1730
-5295 -877
-3326 -9241
-2556 2248
3049 -3751
624 4834
-4755 -281
4283 -6161
-2362 2830
-5451 -1541
-5072 746
-3936 -2370
-5838 -3351
-1393 -6120
-2241 1664
-1106 2528
2682 -3843
-3069 858
-1571 -8452
212 -9433
-5316 -7106
1130 -2335
-8251 -7561
-1260 -4569
8010 6728
-4210 2741
-3709 -1460
7682 -4297
749 9014
-624 9984
-9960 -485
-1589 -5642
-2880 2636
5156 -9711
-6695 -8281
-917 2340
-4911 589
4755 -2822
-4048 -4777
-6250 -3131
2147 -2395
1112 -5613
-5958 -8904
-3600 -8478
-3346 6305
1925 -4778
-9209 -615
2101 -8344
-6499 5938
2491 -1663
8638 -6034
-142 -9017
-2513 1199
5653 823
86 4878
-2519 2420
2264 -2544
-1634 -8898
734 -9707
-6287 -2681
1277 531
-4010 -9790
1078 -3581
1908 8349
-5093 -3718
-5711 2257
-5037 6586
-5809 -5225
-7008 -8662
-7017 5149
-7649 -8956
2262 -2630
-6000 4718
1477 2462
-9577 -6389
2510 -883
-2559 7378
-9845 -8723
-3765 -6945
-9456 1086
4000 329
4748 -8822
2625 -2060
8973 -5283
3370 -3161
-5246 2423
755 -5503
-2652 -4737
-4652 -5720
-617 -4550
-1332 -1406
-4627 -8804
324 -2713
-915 8319
-6897 -2666
-654 306
8565 -6040
-1386 -4525
-368 -5246
-4751 -8864
-2793 7215
1213 -3221
-1799 -2227
1692 3436
-8884 -4218
-133 -5541
2535 -9918
-5416 -3906
-8084 -2853
-7549 -5825
-2742 -9871
-3423 -2526
1506 2271
-6057 -6443
1032 -3410
-6235 -5687
8205 -6040
-5776 4225
-2597 80
-1596 -9751
-4928 -2992
-1510 -5944
9518 2355
6583 -4328
3170 -9708
-6763 -906
-9756 -7625
5734 -9387
-6386 -426
-3435 5080
3377 -9698
2192 6624
724 -2212
-3805 3714
7039 2386
294 -2147
2263 6030
9659 -4854
6922 -6851
7504 1749
-914 2044
-2260 5195
-6588 -3857
8935 468
-4733 -3370
-1606 -3965
-814 -6116
-3174 -6836
5942 -4143
4543 6070
-2706 4027
4330 -1648
-1606 1833
-9978 1577
-1981 2408
-2355 -1766
9783 1402
8334 -7993
-6988 803
-2002 1575
-5273 -6587
-8114 9823
-3051 -7377
-5269 -7178
-1542 1777
8299 -476
-145 2707
9942 8716
-5710 -153
611 9068
2049 -8163
-235 -1006
-3962 -651
2406 3697
634 -8678
-5565 9493
-7389 -883
2807 19
4960 2943
-8404 5509
-313 -1629
-8497 4180
-3156 -2109
7956 -4137
-6875 3026
-837 3515
5291 8738
-4751 9987
-1788 -3913
-3815 -5390
-7233 -7268
-3316 -6426
191 -620
-9761 -696
1948 -4205
-7195 -7839
8934 3215
-2956 3088
2955 5713
-1108 6041
8731 5232
565 -4545
-2773 6016
712 -107
1783 -4505
913 -1806
5707 1200
-5421 -1341
-4445 1828
1037 -3930
913 -6731
668 7508
-9377 4797
-4415 -8834
3317 -3161
-7036 987
1758 2315
-5287 7296
1607 9408
4162 -1582
-9881 3437
-555 -9160
-8283 192
416 -3852
7446 4995
906 -7724
3590 -8020
-5573 1764
7065 -6411
-1666 7974
-2670 -5237
-8218 -9308
-2028 -6198
-7952 -8379
-1848 -2520
-3928 -5409
-8290 -5007
-3122 -6419
-2665 -6764
-3815 5697
4193 -5061
-2212 -1638
452 -7552
-2519 6169
7390 -3490
2580 -9519
362 -5881
-582 -2754
6567 -6027
9089 -1577
853 1634
-8928 7398
1858 -5541
-2845 6552
-473 530
2504 -4784
-7987 -5837
4014 -8895
3476 2490
8463 -1476
-8620 9699
-6614 5830
9285 -3167
-8666 -7314
-9219 787
2900 9566
-5864 6100
-6507 -4849
-707 -2957
-8004 -7166
2302 -1501
-4780 -820
-4992 -3917
-5851 -9775
-6628 2752
4627 4885
-8828 -1495
7432 270
2474 -9565
-9004 -4386
-2722 -5810
3858 -8447
-5001 -6520
-948 -8350
-4907 -1759
-8031 -7086
5636 -6993
-5658 315
-8670 -5597
1611 -5455
-412 -517
5696 -437
4022 -2503
-9129 -2543
7043 2516
-5045 -7114
-7692 -9427
2882 -6168
-9124 -6331
-6833 4485
-77 -1075
-4581 -6383
3776 -8322
-3195 -3163
8093 971
7591 -6934
310 -8237
-4453 -9337
-7694 -2309
-5762 -1546
-1162 -964
532 5149
-5530 -4456
4204 -2276
3469 2163
-3515 2275
7870 255
8465 -9754
6940 505
-3527 -941
-6313 9619
6593 -573
760 4273
526 80
-3712 -681
-2459 -5498
2444 -1214
-1867 1308
5787 -8841
-7400 -3579
-9550 58
2742 -5342
-160 -5696
-3925 -8326
-5922 -8922
-3094 13
-7303 -3837
6434 -2555
3828 1755
-7168 -337
-9721 -8170
5173 3176
-8820 7856
-1063 -1477
-4900 1458
-1073 -6710
-9003 1282
-6325 -469
7391 -4874
-3470 -4747
-1585 2286
-6943 6522
3755 99
-4527 -2728
-7792 1787
-1799 6123
-2448 1118
-3468 -2235
-1824 3469
-7259 -6719
-3631 -5838
1816 1876
-6980 7059
-4821 -4187
1668 -6773
-9651 -8098
9143 -8614
2341 -6333
8917 -9861
8150 -2461
-2668 7543
2690 -1107
-4573 2297
-8435 -2107
1454 2913
-8189 -2442
-5790 -8259
-6788 -5174
-1295 2517
-9922 1752
-8297 1093
-4796 -4514
4190 1233
-897 3088
9823 -3021
-6086 -9553
1066 7801
-6878 -1572
-8120 -307
1829 -1105
6079 -3691
-198 4356
-7178 7580
-8862 2197
-6566 -5456
5357 -7218
-8352 2126
5472 -2724
-4245 -3558
-5387 -8088
-6768 -5004
-6172 -8861
-2151 -8601
-5055 -1023
-5529 -5916
1126 -4789
-1381 -625
-9934 7696
-5706 9816
8626 -1315
-3136 6700
-9537 -3571
774 -5524
-88 417
-760 -8929
-8463 -1709
-3438 548
-8804 -7832
-216 11
3304 3044
8647 997
2103 -8542
-5622 664
5652 2629
299 -9737
-2444 1929
-2614 4305
-996 -4291
5171 -7255
-476 5461
-2917 935
539 6938
-8725 -6323
8171 -2043
-1216 -6324
3038 -308
4978 6871
-7584 -8644
-8141 -3976
-6233 -2008
-9605 -4509
-2415 8673
-638 -8952
1517 -5337
7117 -6484
-3075 -2402
7693 7450
-9095 -1947
-7740 1941
7448 -9661
2729 -270
3147 706
-850 132
-1430 -5664
2144 -2024
-8685 -1884
2030 -4254
1680 -6930
1422 -3785
5465 3891
-4291 -2947
-7495 -7801
-1787 -9600
1621 -7141
-6012 -8954
-7733 -4215
2699 -8891
2327 -8339
6436 -7117
380 -1065
1207 8030
-7871 1119
-530 -2274
8889 -6088
-1833 9160
776 -3288
-9301 -7164
-5565 3734
4525 -3135
-4169 6373
1589 -5785
-8052 -1824
2349 6349
-9333 -2538
-7237 -2484
-98 1097
-7935 -8396
1432 -1087
-9599 -9891
-6731 -7066
-8763 -7935
-3998 -6994
-1346 -7671
2496 9620
-3221 -7707
-8091 -5366
-227 2815
-3644 6032
-9767 -3182
-6514 197
9181 -969
3577 -5827
-7994 1408
-320 -8333
-5135 -9207
491 -1791
-7296 -7284
2160 -6321
9568 -2092
-8518 -856
-6135 -5036
-375 1939
5605 -4264
-9638 -1952
245 -6052
7497 1281
-6448 -4516
-7148 3387
1517 8524
-8510 7805
-284 -5879
5699 7985
8912 -8273
-39 -4880
247 -531
9496 6235
-2131 -9546
5674 -6393
-427 8313
-4009 -7975
3946 -5229
-893 -9614
-67 -9693
2487 -3092
2592 -8673
5636 2310
8002 -9115
8422 -2083
-5060 2548
8742 284
-1844 -9412
-2046 -5004
-9313 -4525
-6319 8751
-3787 -438
-8031 -4062
7167 -5313
-8348 -9023
3660 -12
7787 2008
-6811 -672
-6639 -7113
9589 -603
3195 1069
141 4226
3070 377
3111 1289
-8415 -5828
4649 -5965
9733 -5261
6252 3251
8642 -4828
4478 -9143
-1836 -5226
-3739 -6376
-9865 3366
-1691 9337
-2706 2103
-7772 -9423
-9366 -3158
-8469 -4127
1673 7631
47 -3652
-1572 -2853
-878 1279
-1458 -7270
-5532 -3172
-3102 -250
-8051 -2889
-9700 -5480
1616 597
4227 -4161
6152 -9007
-4699 -3057
-3978 1169
-869 -6884
1470 -5032
207 8071
-6514 -8546
1532 -5288
-3327 -355
52 -7859
9059 -275
-4600 -1199
1622 1810
-5053 3984
-9580 1204
-233 -1078
-810 5072
-8899 -3513
-8268 -6707
-4073 -3126
-18 -6479
-8743 -4023
4138 -2955
-9977 9531
-5857 -8361
-1632 -3821
5042 7822
-5572 9932
-193 -1085
-4079 -9274
-3206 -9506
5308 -8784
8630 6878
9182 -4698
-3066 -3411
-9499 -7491
-8638 211
-2898 -6116
6764 7243
-8121 -5555
-2892 -3565
1753 -9227
8089 -6553
-6266 -2912
1553 7984
1199 -2207
-22 -39
-2823 -5736
1649 -9917
-111 -5484
7092 -1158
-3282 -3716
1411 -7289
4182 3657
-5988 -1850
-9916 -298
-120 2203
8168 6714
-3777 3681
-2546 1621
5107 8643
-4316 -5207
-6740 -2449
-2217 7019
-305 1191
3261 -9254
-4443 8122
-9319 176
-8103 -7405
-4134 9879
-3582 -4912
8164 7421
5506 -4523
5267 -8021
-178 -3486
4733 -4942
8527 6115
-6024 -409
-1112 7654
-9923 7537
-7048 6770
1803 -5600
-4734 -9354
7342 9729
-6676 1504
-2015 -9073
-3130 -5713
-4271 -2869
-8693 -6069
4868 6639
-84 4691
8027 -6432
-6933 -1545
7604 -8925
-6843 9416
-2445 4049
7572 -8243
2177 -3091
-2956 151
-3339 6198
3236 1142
-5005 6200
-2161 -7731
-4302 -7000
-2196 -3004
-4285 -6513
-2878 4637
-6898 -7578
1488 9321
-7745 -3612
3020 5660
-2975 2196
3979 -6082
2441 5194
4065 1283
215 2711
2376 4349
-6184 -3877
-2010 -9071
-8464 -3397
-7445 2472
-3754 9107
9944 -5242
6272 -4627
-7482 2432
-6687 2003
-4987 1194
-1392 6721
-8668 -8914
8651 5503
-2607 676
1819 9805
226 -8738
-8935 -5088
-2733 -7549
-5518 -308
-6448 -6241
1831 -8894
-3530 -2856
-72 -259
4693 -5660
-6909 -8425
6328 -8263
-7033 -1919
-5240 -538
5485 -429
-9554 -5824
-8631 2656
536 -5153
7518 -498
-8194 2699
7392 356
-1403 7089
-770 -9115
-1789 1402
1471 -6979
-5788 -35
-9173 6393
-6259 -6701
4078 3067
6431 9772
89 2926
-5474 1313
-2390 1079
3027 -790
8109 -1075
-2673 -1551
-4638 -373
8688 -1242
-2335 8099
-9271 2515
9916 5653
-2915 1523
2692 4928
-852 -7201
9230 -8584
1713 -3350
-9002 -647
7755 -3634
-8475 2299
1691 -9787
240 -7833
-5331 9533
-4895 -9592
-6437 -2106
-3942 -9339
-6994 -4243
-713 -5586
-250 -7634
-5453 -7787
-4900 -6395
-6514 -2496
4710 2022
-787 6428
-8325 -9937
2946 -6284
6487 -2374
2702 -2463
-2975 -8841
5572 1316
9996 4761
-2512 275
3611 79
-3080 -6512
2920 374
3650 7072
966 1070
758 346
6565 650
2661 9982
7414 -3188
9482 1833
-3887 -1488
9519 8838
-4525 -1177
-2668 1766
5195 -5849
-3572 -7564
-1001 -9119
3464 2
1579 4564
2488 -8952
-5998 2528
2735 -9169
1623 -1571
3430 -3128
-6010 -1460
2052 -9438
3535 -4465
-6660 -6340
-6549 -6603
-4041 -3113
-6590 -8008
-4651 -1872
748 -1685
-7122 -9811
1142 -8754
2173 -2218
-3416 3460
-1121 2790
-1500 3015
-6695 513
-9998 -4678
-2344 -6008
-2310 4190
2044 -6613
5041 3273
-6888 -3553
-7913 -1259
8115 2128
-2752 -9323
-7566 -2312
1299 -2131
-3718 -1903
8975 9634
-6959 -5304
9012 5968
8228 4274
-2527 1979
8302 -1917
-3750 5575
-5096 -7876
-8852 -6708
988 -5147
-1516 -1244
-7250 -2532
-6916 3783
4413 780
-3992 3642
-4682 7682
-1743 -2269
-1462 -3108
-7985 6143
-6159 3619
5244 2552
4847 -6566
-1610 849
8118 535
-9434 -2492
-2131 -8847
-5249 -1841
2511 -3493
-7576 9897
2710 689
9662 -8325
-6055 -7824
-5068 -6355
308 -2869
2332 7998
5480 9499
43 -2471
-1310 -6410
-2440 -3228
352 -9693
7205 6427
-2958 7341
8385 -260
2045 1558
-980 -2268
3461 -7794
-6307 -2086
2060 -3452
-3679 -7510
-8938 -6660
-9243 8821
9872 -6110
950 -8922
9008 -8802
-2362 -7064
1662 -5847
-9902 -233
-2125 -8258
4545 -4715
160 1492
48 -7554
-5581 -8628
-4500 -7171
2646 1254
-2368 -8640
4057 -4680
656 -1270
3441 9793
-7836 7655
-6176 9083
-3223 -5467
-8202 -6960
628 -6302
5816 2863
-4567 -6752
-6335 -6562
2267 6720
-8889 -4974
-8779 -1970
-545 541
-8040 -8967
-1373 -9721
7526 -6554
-7693 -8768
1310 -2907
-1062 1941
7401 -5948
210 1729
-1931 6370
1322 -3386
-3553 9383
5223 -6148
-2441 -8621
2377 8488
4030 724
7632 4145
4755 -5733
-5346 -2704
-561 1521
-6017 -1210
4525 -3258
-9306 1875
-7634 2347
7738 3235
-5957 -7615
-9071 -6453
-9972 -495
-7269 -3627
-4310 -771
-2398 3416
7536 2646
-752 1132
-6185 -5264
5330 -1604
434 -8429
1212 -9764
6903 404
7053 -1603
-5665 -4125
-2316 -5633
-1937 8326
-5517 -8377
-5416 -9434
5475 -495
-6755 5064
6713 -5592
9619 3902
-9465 -3949
2061 6399
-8378 7474
3288 -9419
-1870 970
356 -7211
-4554 5660
-6363 -1611
-9718 189
6457 1689
-7622 673
-2741 -3186
-4791 -1062
2999 7354
-1514 -4832
6895 -9805
5726 7249
-9699 1360
-6654 3067
2282 -1635
-6966 -3658
-5314 -8333
-5079 -4776
3177 -761
-2845 6788
-1023 -5278
-7219 7939
6701 -1903
5076 -4779
-8222 -6211
-3295 -4887
-2517 61
-5092 1323
4463 6475
-1906 -6114
-5106 2037
2219 2731
4811 181
-7697 -3944
6289 6147
5160 -5956
7727 -1112
-4523 -9166
293 7095
685 -1139
9828 -5960
-8765 -2773
-4527 -7900
-2135 -6868
-9942 -7720
6771 516
-8820 7075
605 -6929
-1995 3458
495 -3771
581 -5873
-7456 2863
-2838 -3434
-4743 -1351
-8612 2088
-8197 -5849
-5786 -5774
-7517 -7027
-3545 -2256
-3155 9626
-9512 4063
824 949
-1138 4561
40 1323
-6110 1380
-5359 -6009
-369 -8971
-5517 2403
-3141 4881
-7007 5309
-6854 -5812
-2106 -8050
-112 4149
-3062 151
-9706 -438
-1743 -5059
-5729 -1976
7781 -2184
-70 5638
2069 -8602
-4486 -8030
7038 -2235
-1483 -4164
1385 -9920
1514 -9822
-2667 -5079
1927 -5429
2583 -1400
-310 1128
8863 -6029
-2714 1880
-100 5311
2280 5115
2946 -3307
5114 -5719
-2069 4841
-7257 772
-547 -4921
6592 -5173
-3253 2639
3711 2481
-9762 -3773
-2709 13
-811 1469
-1189 627
-6934 -7417
-2466 -7069
7575 -315
-6726 -32
7704 -3275
-588 -7164
3027 379
-6672 4242
-7498 3638
-3592 -5652
-2400 -457
-4382 -6202
-7485 2611
-8627 -7109
-7576 1719
2029 -1602
-6797 -6757
1576 1011
5704 3578
-8865 -800
-8786 5536
-1743 -1826
9684 -3931
-9860 -6412
114 -6982
2021 4646
-5936 -5951
58 5354
-20 -7902
-489 8411
-5000 -4005
-2458 -4431
707 -9384
-5782 -5519
1177 -9245
-675 -4127
1485 -2914
-3112 -8929
7158 -7314
-4364 -3534
-1545 -4262
6223 -9503
-8508 5973
-6095 2051
1762 -7112
5775 1847
-1746 7507
-6865 -6444
321 -3227
1773 67
-7726 -3989
-802 -7732
1532 8277
-6253 6831
-5599 3103
5696 -3019
848 -9345
6077 2277
-605 -2150
2989 -9222
300 -2180
-4258 1301
3217 487
-5520 -2544
4565 8427
-6247 4563
-263 -4840
-2776 -118
451 -4880
1544 -874
-5474 -9856
3016 1219
-2686 -432
-5383 -4038
-3019 -6759
7191 408
-8654 -1161
-9045 6015
7849 -5345
-5936 -3957
-2424 6930
-522 360
1240 5042
-7773 6658
650 -3435
3424 -5540
340 -4040
947 6181
-4969 1686
-6391 360
387 -4967
4279 -2044
-1571 -3632
-7232 2523
7039 -3710
569 -7154
5729 -8959
-1301 -87
-1385 -3710
-6311 9755
-454 3437
-4893 -7831
8812 -1808
-342 -3612
-9354 2552
6326 -2889
-2860 1603
-2860 -2043
3924 4400
195 -2573
-7398 -72
9489 7842
-5752 9697
5441 1280
3388 -4976
-9327 -4449
-1062 -8801
2745 -2810
-628 8271
-4490 -7194
-345 -3808
-2457 7920
-2768 6814
-6217 -1371
-2017 -7362
6525 1230
-1181 1130
1441 -9779
1669 -1831
2464 884
-8751 1155
4594 6869
-9901 -1741
-6007 1753
-9922 5886
-1091 84
-9133 -9805
-4762 -7143
352 -3373
7337 -7061
-8697 9891
-682 -1036
5824 -3520
-5071 5625
8769 7442
8496 -3091
349 8388
7525 8516
-4085 -3405
-1987 -3541
-247 4516
-1849 -7913
865 635
7193 -2405
-2421 -278
-9488 -8001
658 -4857
-3434 -5971
1755 3585
-6423 1676
707 7604
9305 4211
233 5914
-8878 1750
-5716 -572
5467 4741
7542 -1334
-7810 -9802
-455 9920
-8375 2335
2457 -1430
-556 7208
-3861 -751
-3931 -2879
-1093 -6154
592 -3088
4884 -1082
-6141 -7826
-9860 -3282
-2303 -8494
-5282 785
-9780 -4371
-6644 -1672
-5976 1176
-9884 -2135
1022 5643
7154 -3332
-2913 8112
2839 -3991
-1174 -9928
969 -5850
-2928 -9844
315 -6480
-1835 -4218
-994 -2424
9145 3008
-3801 3168
-6824 5453
-4269 -7179
-7153 -697
9097 -5537
3840 -8311
-8161 -1465
-2953 -994
-2528 5561
7342 -5222
-372 5178
9231 -1624
8256 -6277
-4104 2851
-73 7983
-7517 -376
2097 8185
-8794 1675
8436 -278
-8103 -4694
-6448 -5654
-4426 -2528
-4697 -3052
-250 7867
-1011 -9017
-7143 5967
-7572 1401
8406 523
1579 -6289
-6700 -435
-9840 6763
-153 -6062
-9212 -5147
-2848 6289
3862 -674
5070 3593
1090 -8752
2154 55
-8429 -8758
1810 -2579
-2042 -7237
-4653 -8801
-7854 12
-1716 -8001
-4603 -9389
-175 6636
2192 997
1261 519
-6042 6828
-9108 -7578
-3135 -3206
-8616 -6676
-4602 7388
-3454 2104
-6710 9010
1124 1309
-7276 -2274
1828 -9134
-4284 -9701
443 -4277
9205 7888
-6346 -4088
7136 -6747
-899 3149
-3391 -2059
1043 6034
-771 -5531
2206 -9893
708 -1452
455 -886
-4428 -6669
-8221 691
2174 1175
-3021 -3503
-2995 -8499
8809 -9
-8028 -8051
7245 -7926
-8666 -1806
-4673 2061
4284 1129
6653 381
-333 -440
1255 8766
1797 -3775
-1215 -7819
-2311 -618
217 -5129
-1491 -8017
-7478 1378
6802 -5045
2431 7851
-2952 1075
-3748 7096
-7476 -6795
8090 1167
8608 -7729
-654 -145
-1718 -3542
-4324 7805
-3249 -1750
-9288 2465
1378 -477
-308 -2094
7239 -5266
-5553 -2833
5597 1948
-7291 -8432
7259 3722
3372 -8676
-1862 -3307
9591 -8100
8980 -8112
1177 3376
3179 8884
6661 480
-3027 -1832
2451 3958
-234 -9023
-5883 -6934
7190 -6885
6411 -6114
-1963 329
1699 -7380
-2955 217
-5499 700
-233 859
2686 2138
-1888 -396
-4292 -6232
1085 1582
-1174 -9041
-5596 1394
-7653 1788
-4323 921
-1940 73
-2271 -6241
-8123 1625
-1534 -1031
-1727 8936
1388 1064
2575 -1534
-8533 6159
9815 -2093
-5204 -9246
-6463 8383
1192 -5217
3602 3699
-5698 -7551
-3144 2843
1632 -4142
7369 -4907
-1231 -4831
-2489 -2234
-1843 -5003
-5274 -5107
-4182 -4127
-1807 6229
-8546 -392
4074 -1714
-7167 -222
2929 2941
-8684 -4720
-4154 1298
-4766 -2900
-9902 -2085
8774 5013
-5917 -3720
3533 7722
-2985 -9169
-227 -7900
2940 -5919
-3594 -2807
-2700 5660
-5128 -9057
-9090 -6734
-7898 -1475
-8045 5994
42 -1880
-2769 -4426
-9224 1917
-6767 -2139
-3753 -3063
-2940 -1767
-8675 4737
-5474 2171
-6022 2223
-87 4845
-7463 9451
737 4033
-6206 -3541
8125 9289
-1436 -3749
-8111 -1074
1809 -624
7315 325
-1111 -3591
-2148 831
1820 2903
-1422 4768
-3542 -8593
1220 434
-2707 30
-5002 -3558
-7558 -5523
1917 1451
9988 -6524
-8595 -5222
-6815 6851
-4495 3186
-6479 -3857
-9222 -1431
-228 -5270
-4643 8882
-1509 -6489
-5034 -3852
-7909 3100
-8527 -1828
-5763 5048
-4566 7343
-6175 -8489
-8077 -9150
-3388 340
8791 141
-4217 1630
9852 -8644
-3757 6542
-9810 9768
-295 1208
-6886 -1401
-2113 2080
-6792 -5377
-8072 -5713
-531 9697
-4814 -474
6351 -1997
-1225 4434
1642 -9234
2060 -1887
-6558 -6070
1182 -3468
-7590 -9450
733 2485
-5067 9836
-1719 -726
-5540 -2300
-5907 1259
-1825 -1112
-2551 2385
9823 457
-1483 -6033
-309 -1904
4386 1766
-7607 -7433
6115 -7277
-3592 -7783
-9716 4908
467 -8218
1914 -1397
-7719 -3332
-9901 2537
-2997 8435
-1873 -6353
-5675 -3145
-3785 -3319
8656 8732
-6003 -9028
-1945 8205
1068 -3334
-1927 -5083
-1742 51
1087 -5246
-2693 -8018
-5489 7830
-2833 1624
160 -8160
-5857 9244
-5682 4186
5164 6709
-1536 116
-3671 -8896
3592 -7134
-4446 -9675
-3605 -3566
-7459 -7530
-2526 384
-7873 9769
-9536 -3955
9778 5923
3765 2605
8038 998
3314 4448
-8362 2284
7022 -1597
-7155 -2140
-9175 7784
-8024 9757
-9009 -3197
-7651 -3327
-5217 1799
-4164 -2844
-3572 -1168
-8939 5340
-9053 8738
-9766 -5997
-8274 -7150
230 -38
4377 1731
2655 -5279
6164 -9867
-9800 -1691
-1544 9881
-2118 1385
1485 -2681
-2300 -8152
-1590 -1933
8529 -9431
-4961 190
857 -1515
8528 -6999
-7174 901
-9373 -4625
1912 2783
-8900 5683
9506 -1278
-2938 -1512
-4041 287
-6475 -1584
3785 6604
3369 4023
-3678 -2989
-2410 -4543
8740 8272
-8926 -1712
405 -5285
-5681 -7318
-518 1474
1433 -7413
5411 -5253
3586 -5256
-1112 2168
6541 -4588
-1454 2587
-8377 1845
-8963 8973
-2484 -7879
-4612 -5654
2217 7862
670 -609
-5122 8719
2128 -4969
-2681 846
-93 2449
-6149 -274
-17 9398
-172 3800
-264 6506
-2608 3985
-9457 -6047
2391 -2159
1533 -8844
766 2423
-8228 -5708
5612 3931
-3706 8766
-5 -1788
-8462 -5776
-1119 -7461
2651 7963
6320 -2368
4580 -5927
-9830 2492
-7398 1665
1145 1815
1464 2456
-6643 -6710
4945 -1238
-6841 -2505
6505 1082
679 8760
-6332 342
-4063 6326
2148 -6353
-59 -6277
4045 6791
-8449 -23
2315 9900
2844 -1396
278 -8860
-3634 4878
-2251 -2807
9937 -8470
-2975 -3497
1775 9347
4779 1667
-7327 3893
-8607 1007
-744 -7316
6093 4603
-2373 -2124
-738 5118
-1775 7729
5995 726
5665 208
-2827 -324
-7944 1982
-4468 2747
9899 -9353
1301 -734
2430 -8255
-5749 -4904
-2492 -7141
1380 3984
2471 2512
-9259 -2275
-9653 2160
5720 -6232
3758 -7008
-7412 9728
4339 6289
-66 48
-8513 1999
-4889 -2505
-3869 6875
150 6580
-325 -3173
-6032 -4095
-9322 2864
3317 -1790
6840 1097
-5147 -8099
5468 7414
-7550 -6260
-162 703
1527 -4431
9688 5045
-3175 6281
-7797 -599
-754 837
3872 -8803
3724 2613
-5969 -3208
-1790 -347
5568 -4130
-4259 4492
7889 4862
-5884 -190
-8361 1997
3492 -7629
-5880 -4140
3635 -2062
4889 -6106
3887 -1265
2179 7029
2087 5963
-981 -3419
-4515 1708
290 -5024
-7350 2924
682 4747
-2270 8279
-2885 -2471
-550 -3147
-6300 -2049
1735 5476
-4234 -3704
-568 3082
-8995 -7766
-2297 713
-9104 -7751
7484 1556
-5716 -5862
-557 -2687
-5252 -3525
-113 3328
-5892 -2879
3375 -7573
-5251 -4351
-5137 -2243
-9461 -3469
-7694 -4792
2670 5444
-865 -7262
1454 -9621
938 1856
7642 -6434
-3788 -9914
-6965 2502
-7083 -6947
-3100 -9711
-551 -506
-5411 -2938
-1623 4431
2529 1374
-2100 -7261
-8300 8209
-2515 1126
1465 -7666
-8417 9666
2002 -6608
-3202 283
-631 9549
-6792 7818
-9008 -8784
6540 2728
516 5482
-6671 -8919
-9545 -2140
-3782 1963
3693 2456
-808 -8657
4615 -95
-3743 -7033
287 -6704
6384 -9583
1843 -9984
-3731 7683
-5467 -1171
-1361 -6265
8994 -9888
-8514 -759
-4670 -8818
7678 -8465
-6544 -3518
3689 1800
-2550 6711
-8164 -6936
3531 -5013
-779 5107
-3993 -4207
-997 -201
-8553 -3483
1950 -8545
1398 -8827
-8703 -1082
-6998 -5602
5014 137
-1881 2117
-7192 -2976
-3375 -8120
8126 -9106
-2720 -5213
-8609 3958
-6647 4343
4753 3793
7003 -5416
-5401 -3587
-9753 -5466
-8550 -1896
-6877 -9121
-7562 -8370
1328 -5966
-615 -1329
8859 -1385
8728 -4187
1953 -2242
-9822 -6396
-137 5701
4809 -8894
-1431 -2995
-2690 5449
7617 -9969
8028 -117
4490 -6773
-4312 -2922
2677 6146
247 -2232
-9828 -4571
5713 1668
-3738 -6164
-7628 6117
-7286 -6804
-8964 6163
-3849 5763
-4030 -4620
-5677 -3242
1891 -8859
-6302 8093
-8926 -7447
-7222 -1796
-1104 4160
-8236 -298
-8469 7644
854 -259
2885 -8336
-3921 1005
-9625 5482
-4398 4794
-9259 -5022
5831 -346
5683 371
8110 3832
4040 6570
-4634 2026
-318 1629
-2867 -8479
5851 -9153
-1944 -126
-3366 3665
-5723 -6493
-4131 -4166
-5505 -1056
-6474 -295
2434 -4400
-8429 -1670
-9904 -649
-2781 -3768
-220 -5092
2613 -5149
-6828 -3778
-7741 4274
-6372 -2782
7408 7738
729 592
6221 -3505
2003 -3680
-2590 458
-8034 -689
2315 -9923
4610 -2122
-5344 -8093
6106 732
-7526 -5861
-5701 1419
9779 -3498
-5290 2369
-1394 -8562
1759 3016
2199 -4390
7694 -4153
-1045 -7713
-4826 -1318
-6437 1994
3220 -7872
-4147 2747
-8582 340
1668 8804
-7475 1439
1345 -6477
-5476 -7061
-1751 -3317
3538 -2245
-1783 634
606 -8615
-5064 7110
1136 -9233
-2340 9289
-4409 -5221
9232 7071
-6583 1949
-5980 -4482
4498 914
-5179 6757
2289 -2522
-7649 376
-4337 6566
1280 -7573
-2511 -7500
7518 -675
-5632 -4290
-1892 5063
-6328 -7759
2089 -4300
-8131 -919
-8438 1428
-5243 4461
-4679 -3412
3377 6745
2413 912
5997 3227
-9060 -3821
-1957 -4158
-9025 -9058
-2405 -4908
-7371 -5697
-2097 -3104
-2486 -3068
-9509 -8941
8921 -6487
3282 -3026
-6224 974
-4593 -4585
7955 -1427
-63 1423
516 -1718
6827 357
-2207 -9332
-5654 -2007
-5554 9611
-840 1315
-8939 618
-7119 -6011
-2197 2054
-5548 -1922
-8236 -8720
-5780 -9711
-4822 6264
5040 -9371
4282 -1046
-8824 -9474
-1488 -3938
-8847 -9396
-7787 5674
674 -2238
-7883 -7845
-6544 -7446
-4442 7108
-8369 790
-6907 2709
2682 -8550
1155 -6960
8660 -4391
2848 2488
2064 9822
-873 -7605
-8017 3308
-8133 -3918
-5912 -7625
-4032 -7018
-5588 -1963
3261 -7531
-1206 -9745
-9744 -1899
-6704 316
-5342 -6952
-6188 464
-2675 -3375
1234 -6800
-2821 -7754
855 -5526
-1295 -1577
4061 -8989
-3412 4814
-2217 -6928
-5014 -1833
-3632 -3543
2157 -5374
-3313 -229
-3781 4486
-6786 -7970
-9526 -8136
-4789 7238
-2566 -4644
-6610 -7459
-893 -4452
-4404 4433
-1072 -713
-7460 -5910
3692 -1093
2056 -8770
4892 -6634
-7530 7112
3629 -5431
-2617 -4553
-8560 -7362
767 -8157
5667 -4644
2983 -6042
-9965 9113
2768 -2136
2878 -2961
-1863 5147
-1827 5490
2130 9448
-4191 -5887
-703 -1783
5470 -6566
997 -6695
-5882 115
-7366 -4471
9143 -4506
3229 -2347
-5161 9901
1968 -4362
-1090 -1201
1055 -1223
8822 -6759
132 2128
671 6865
2664 -9561
-3882 -3641
-437 5466
6198 -212
-7417 324
2303 -5209
1232 -1669
8406 -5754
-1474 -8965
4206 978
-1491 -1568
-763 807
-9404 -2056
-7726 -9150
-3562 6488
-1346 8731
9094 -7602
2800 1749
-7282 2775
-6514 2100
8514 -8398
-4288 8463
6864 -5004
-9225 -1659
-1365 1085
-5010 -8524
456 -9749
-4112 -9144
-6680 3405
186 6738
-3817 2171
-4254 -2567
-5740 7109
5657 -43
4594 9
-2099 -8935
-3105 -1911
2418 -6064
5795 2268
257 -8980
-8277 -4957
7265 -5541
-1145 -9858
-9338 7387
-5424 -9279
8983 4111
-8306 -6814
5268 -6893
-9415 -4428
2264 1900
-3009 -7368
-7525 -8828
9253 -46
-8964 -4108
-2511 -3046
-6051 -3454
8 -5099
-3890 -5138
-973 2755
2287 -4600
-6233 -8102
-528 9124
2341 1907
4699 -3088
8383 771
-2027 -699
-1252 -3827
-5599 -4836
3934 -4491
-9274 -3581
-4318 1464
2482 -7024
9128 -901
-4546 -4970
564 33
-813 -4618
948 -4607
-5299 -201
-9310 3543
1216 -7271
-9684 3834
2521 -7642
9138 -8242
-2202 -3190
9936 -3877
2264 2244
-2690 3805
2344 1086
-8460 -4707
-232 1946
721 6752
1179 7149
-8706 -1121
2103 4337
-6418 -6633
-1078 9301
9705 6177
2347 -6857
-5526 -6651
-6286 -9099
-4155 -1462
3131 -9728
-6420 -7951
-7513 979
3124 -5181
-1468 -7229
9332 -1176
-2226 -6762
5102 9242
5813 2809
9361 5017
-1151 -7443
-6082 128
1043 -7167
2569 -6728
2894 -6746
899 -5748
7958 -3489
4438 7100
-3976 1015
6576 -3467
5610 3768
6659 6689
948 9977
2252 9820
-5649 -7304
-429 -569
-1043 520
6514 0
-8326 -8916
-1094 -1615
-9759 -6523
3922 -8793
-6382 -88
-8670 -4538
-7006 5044
2479 -9796
-2893 -5854
7239 -8077
-5930 -5283
-6720 -6837
-3218 1653
7259 -4088
-5865 -6065
-2129 -3449
-1081 1119
-5692 -6090
-2413 9433
1628 -7899
-4171 -8701
-8327 9240
-1331 -3761
-3461 350
7974 2216
-5656 3399
-2565 -1397
8305 -6191
-2823 -9095
9747 6595
8966 105
3483 2526
2466 -8125
-2738 -2095
9229 7242
-9688 -2228
-1910 6138
4386 7832
1410 6035
-422 9637
940 9235
-18 8355
1035 1035
-4664 2741
-1544 -4309
321 3682
-574 -5408
9503 1582
852 -8609
-9471 -5975
854 -414
-3075 -8954
-2794 -9934
9895 9007
-9656 -5883
-5227 1015
-725 -4437
4896 -5904
-977 -3100
270 1854
-8684 -716
1006 -2260
-3276 1209
1667 -7875
388 -2116
-1627 -1242
5078 -5370
-6460 2266
3299 598
4590 -9403
-6777 1200
3187 -4418
-2131 4503
4104 759
781 -6818
3049 -6666
-1932 -6564
-4670 6633
-9309 -9666
-1937 1781
698 1441
1026 -4112
-3018 -5663
-955 -5616
7032 5419
-863 1571
7496 -5446
-1762 -5280
1082 -1536
8588 6846
1552 -7646
-191 3044
-2272 1770
-4444 -639
-6377 -6633
202 1853
-5282 -4905
223 335
-4195 -5544
-4248 -9360
-7619 4092
7398 -113
306 4171
5692 5191
-2344 -9971
-1931 -1841
-963 -7624
6272 -6704
6464 -7450
8222 -548
7513 4427
-3586 -7140
3161 -1786
6437 -5685
-2285 -1002
-1676 -2046
3867 -6417
-9723 -7053
-9811 -628
1975 1274
-1423 9191
6538 -1136
-6594 3303
-9492 -4382
2685 -1318
-9706 -5662
-7024 -3037
-7087 -9924
5586 5877
-8355 -8820
-4192 7457
1010 5230
-7911 1036
-8120 9910
-1854 -7803
-4139 -6303
909 5045
-8811 -6805
-9318 -2088
-8753 -9246
-9122 -3989
-1451 -6789
-1372 -7321
1036 -7548
9330 -7731
9325 -8422
-7123 -1343
-4053 5052
-4577 -68
3349 -1697
2104 1245
-4289 -3132
7794 9632
-3748 -9017
-2342 -9998
-433 8664
1612 6724
-7037 1935
-1059 -5698
4470 2620
-4961 8981
-3843 1757
3105 -320
5924 -8012
5557 6695
-970 -8744
4151 6141
-6692 -7286
-2614 6864
1929 -5109
-5788 -66
-6635 -4243
-5075 -4053
2247 -4633
-9148 5584
-7975 -9268
3907 5014
-9673 798
-4091 -1373
552 -2946
260 -4844
2001 9192
-3929 -5236
22 1309
6684 -1940
-8382 417
-4542 -9212
-504 423
779 -6552
2155 -7735
-6240 -1466
-9605 -2148
3206 -5993
-2943 7843
-673 -907
-5442 483
-7692 -1748
2383 -9097
-6191 -3981
-7661 -9755
465 1949
-5937 -4112
6204 -2261
-1134 -5265
-6930 -6364
-1131 -8546
-1542 -8280
-1370 -204
751 -223
-7995 -6827
-3367 -3237
557 -1047
-6677 -8138
-6505 -4755
3004 -166
-900 -1976
4048 1898
-9862 -4768
2649 -1317
-9735 -7250
-4388 8327
-7154 4591
-103 -803
896 -3940
-7866 -7524
-2135 -5635
-4741 -2720
-3714 3898
2707 -3493
2931 -558
-1007 2696
-199 -2097
1601 -6852
6057 5209
-2079 -226
-9626 -2262
8927 1208
-1186 8930
-4507 -3954
945 8125
-8205 -2033
7766 -5407
-5973 -7158
-8167 -2340
5939 -8189
-5751 782
-4266 -8955
-6478 -414
5068 -6118
5702 -7357
-5156 -743
2689 3885
5151 -1088
-5299 1793
-410 -3326
-1277 1149
1950 1218
-5357 9867
-237 -3327
-4826 -2663
-3724 341
-254 -3383
-4811 -9350
-2770 -3543
-294 -5843
-9 -4506
-1293 -7433
-5870 -7107
-3038 -5594
7170 -1133
-9307 -7326
-4548 -4955
-9104 -9857
-5366 1794
-2085 -9746
1101 -9065
-6948 2073
-1242 2667
-9290 1071
247 -3347
-1454 1436
3045 -6518
652 -3
-1568 2916
4818 9139
-2841 -9633
-2999 502
1318 638
-5295 -8245
5377 -723
-3607 8857
597 1216
-3851 3320
1053 252
-193 -949
-2989 -8012
6237 -4944
-3977 3000
-5710 -8202
-7243 -4216
8023 -1874
-5662 3183
-3590 -667
-4985 -3730
2759 -9519
6017 -4874
-5497 -3991
-1304 155
-1241 -1126
-9330 5221
-4774 -1033
-149 1800
2433 -9935
-3945 -5034
-4310 -2456
1079 8083
-6345 -7904
-2884 5962
5441 -3401
-3032 -1569
-9476 -6313
-8334 3908
-5988 1799
-8916 -9361
1848 -2906
-6845 -2676
8335 -7621
7910 -1969
7336 -4922
1771 -6867
-7682 -3237
-7505 76
2108 881
-7363 5720
-4155 -8170
-3888 -8873
1239 2309
-8292 -8673
849 6266
-1430 -9690
-7533 -5179
-9982 -9158
-7036 -9826
3758 -1549
-6 -5576
-4996 -7610
-4203 -6152
-475 1243
-5683 -8280
2316 2305
-3698 -5497
-9655 -5184
-1311 -7004
-8506 -4081
-9363 1547
1545 -1209
-9027 2462
4276 -1576
-7357 -8504
2313 -6565
-3 4302
4626 -5081
-7016 -9625
1504 -9720
-2701 2030
-1998 1165
-5883 661
-8391 865
-1727 7036
-2118 -3716
-4072 -4734
-8941 1082
-1729 6138
449 -1683
9524 -3486
-1919 6414
1947 5553
8245 8506
-5106 -7217
-9878 -4901
5844 8330
-1416 -4956
-2639 -5402
2505 929
4863 -2412
6462 -3378
-6566 8838
-9490 -4761
-4190 -8927
6256 3296
989 -6348
-3780 -1034
-7940 -3576
-563 998
3935 4697
489 -7172
827 -9915
4452 -4946
7194 -5598
5217 -7958
-5053 -4780
1563 -6035
2332 -833
8419 -2538
-1650 5434
-3541 -9957
-4184 -9339
-5757 1882
-2906 -7428
6049 -1390
-2253 1836
-5466 -2957
3661 -1370
-801 -2093
-7224 6418
-7415 4291
5558 7910
1785 -9054
421 2486
-7110 5936
6729 -3506
-5448 2533
-7524 5246
-5219 706
-1181 -5707
-8102 392
-1869 2641
-7927 -9464
-3692 9942
688 380
-5340 -9218
2568 -6860
1503 1039
-3841 -2509
734 4979
-4549 827
-3203 8932
7232 -2427
-8094 -5562
-7180 4662
-2150 -710
2304 -7313
3814 -656
-9190 -7452
6807 -9828
-4479 -689
-9675 -4115
7176 1573
-6330 -902
6295 -5335
461 4925
7214 -6784
3249 -2395
8235 -2427
896 -9242
-6002 -7810
-4652 4372
-1445 -7025
-9547 -9264
800 -8467
-9026 -2655
6264 9909
-7516 -8857
-5393 -3746
6260 2285
-8537 3597
-6276 -3907
-8358 8936
8558 -3528
7265 -9460
-5759 518
3540 -1822
-6984 2058
1747 -1200
-9370 -1671
-1084 -9300
-2062 -339
2526 215
-296 -234
5414 295
-8752 9904
-9256 -1755
-8429 506
-4376 -9735
8507 -4794
-4471 -2686
5354 -8947
-8210 -7733
-8594 -3259
-2129 538
-6141 -2571
-9010 -8598
2906 -2809
4347 -8901
-6983 447
-267 -8439
-6078 -1332
-6350 -7365
7513 -483
96 -4068
-7808 -2954
204 -6737
-9883 -9277
-5788 -4993
-6690 4684
-1736 1397
-7884 4361
-3098 9741
8862 184
-8425 9035
-9617 -8787
8355 4362
-1581 9929
3964 4693
-6315 4430
-3350 -582
9253 -6287
-4493 -9573
-5895 8913
-8611 8935
369 5096
-842 2953
-4001 9248
-5580 -1729
-7897 -2009
-5511 7790
-7773 -7194
1658 -3309
-1654 -4786
6976 -5891
-8078 -1356
1998 -7654
2643 -9505
6083 8143
1518 -9505
9027 5804
1998 9056
9361 -5922
-1426 -2304
6432 -8473
2236 -9859
-9590 -501
4828 -238
672 1293
-8305 -2076
3940 -8294
-715 -4488
-7565 -6141
8625 1159
3623 5809
-979 -7564
-2052 -6188
6462 -7715
8113 2012
-2936 1873
945 -5044
-3355 -894
-7373 1900
2466 410
-6754 -5410
4235 -1134
-2383 1139
5928 481
450 6783
-8760 5810
-4218 1194
-9795 1657
1329 3144
-2969 -6553
8926 -5940
-8842 2204
-8912 1528
4330 8157
-4070 7256
-1954 -8666
-2116 -5008
2277 3489
-7729 594
-9997 1719
7043 -4075
-6626 -5273
-8281 4899
-4410 -1131
7465 7665
-4173 -2459
-5953 -9644
4703 -5400
2341 -4878
-3468 9046
-1689 -8265
6935 -2627
-1790 -2647
-7323 7416
-4634 4926
6588 1188
2174 9773
5693 -9937
2099 354
5393 -8655
2542 -9546
-22 -256
-5539 -3362
5707 -161
-7464 -5630
3338 -7370
-2428 -1199
1429 2696
-9801 5747
1139 -1856
-5827 3519
2157 1870
9851 -1201
-595 9681
8018 -8944
1221 -5387
5094 9342
-7310 5407
2656 4240
-8125 3110
-4303 8816
2613 -7291
-5289 4750
-9247 1422
2181 693
8376 7809
-6370 -8643
109 7773
-2494 2691
-8204 5014
-9620 -1130
7146 -312
-1221 307
-9515 -1013
7088 -8204
-9395 -5529
-5641 2756
-1700 9418
-7766 4246
8290 -5768
-6862 4695
-6053 -1278
-8753 1792
-923 -8838
-614 -2415
-6532 -9562
-1175 -1509
-8599 -8621
-397 6844
-9573 -4885
-9516 9072
-6540 -6070
19 -3066
2119 5838
-5853 -7983
-2880 8365
1639 -3296
-7579 -2164
2201 9937
9083 -9139
-6836 -3935
-9971 -2264
-1040 -2554
-856 -6179
1463 -3871
-9878 -6936
-2922 366
1693 -6409
-9011 1310
-898 9688
7658 -4377
-9981 1014
-8629 -7878
9981 -3258
1476 -5194
-2919 -6051
-9440 -7301
5933 -9436
-7638 -9439
-1998 8335
-9394 -8214
6028 9514
1532 1109
-4814 -4492
-9299 2292
-6870 -6671
7017 -4543
-8844 8699
3912 8332
-4949 4441
-5513 8248
6951 2995
-514 -1497
6182 -2780
-6817 9331
-5780 -4432
-8830 4959
-3160 -6984
-7217 6797
-5414 8300
475 -4495
-9678 -6239
2439 -9723
-5606 3427
-6812 -834
2135 -5428
-6308 9407
-7732 -106
-5331 6478
-3681 8941
471 -5756
-3488 -2807
-359 4936
-7129 2299
6807 5758
-835 1605
1214 -1445
-4354 -9073
5643 -1092
-3938 -9001
-8983 440
-8182 5416
7513 -4204
-3696 -5201
-4041 -6698
7969 -3926
-6918 2460
3285 3137
4860 -4243
-560 7962
-2757 -8080
-2108 6088
-2752 -37
1847 -8893
-2914 -6993
-1657 -8994
-3971 -1117
-309 5429
5879 4989
955 -6651
1090 4872
531 6369
-1392 131
4339 4353
6323 5142
-4821 -9218
-2459 -725
-8874 668
6951 -9766
516 -9242
-6808 -2940
-8579 5761
-9720 -4027
194 -5062
7454 -7068
-9418 -6719
151 9069
-6051 -2246
-4928 -9919
-829 -7183
3110 -4437
-2432 8942
-8421 183
-5 -1943
-7876 -5378
5485 -3488
-9807 1157
9640 -3097
8180 9639
-4456 4447
-363 2864
-760 2282
8350 -2549
-217 7262
-6925 -4802
-3028 -5704
-7812 405
-904 -269
-9722 7068
5948 -8007
-5850 9297
2203 -5896
1984 -4551
-1263 1561
3719 7025
-5964 -3666
-8666 -3608
-7623 1833
-1218 -3668
-8166 -5131
6417 -7102
-1673 2815
-9889 570
-1670 -2156
526 5186
-8800 -8302
-465 -358
3893 -553
2270 1223
-321 -2113
1547 -8276
-1026 -2388
-7049 7958
-2094 -26
-8639 -9833
2749 -346
-2366 -2731
-6486 -6579
-3147 -4892
1615 922
-9285 5393
-3409 -1508
-7331 256
-2909 -6907
-4812 -5703
-2406 -9408
-1338 2078
5278 -1756
-1903 -7935
-4871 232
2189 -3533
-7048 3641
-2003 -3072
-4721 2187
-793 -2183
1374 5709
-9260 -8622
-1806 -9120
-9703 -5043
-3890 233
-8089 1622
1771 -7356
-2815 1809
2877 59
-5348 8817
-1415 -72
1419 5354
-3820 728
5820 -1143
7758 -6560
1852 -8285
-9425 6356
-6302 -341
-2064 -538
-5717 -3224
6877 -9301
-414 -8090
-8807 -7500
4355 7692
7778 -3236
-768 -8850
-5801 -8131
9859 7235
-520 -3319
2613 -2662
-7987 -9163
-5410 -3736
-4502 -5576
6958 -411
-1487 -2443
-8389 -4807
-2440 -9964
-372 3313
-5460 5176
-234 -5354
-3466 -7763
2725 -9632
-7939 -4576
669 -3802
-9556 -7020
-1375 5017
-1194 -6478
-429 146
-4264 -6656
-610 -6647
-4291 -2187
1617 8904
-4825 -2644
3884 -4257
-8115 6711
896 -7655
6240 534
-6318 -7697
-9742 -9015
-640 2779
2745 -9790
-1624 144
3056 -3874
4069 -4280
-8576 2261
3066 -5730
6077 8368
8756 5821
7283 1946
4011 -5288
-1469 1402
-2422 6908
72 -5183
6000 1155
-7265 -33
-5130 -7734
5062 -870
2353 -4507
2148 5378
-6758 -9902
-9526 1118
-2900 -2581
-7976 -1621
-4627 -9696
1987 3271
-5135 -8668
1174 7337
-2468 903
1750 -7117
-8761 6724
5899 6506
-9819 859
-2309 -3163
5318 514
-2375 -9275
-2629 6840
-7586 -8892
-3430 -3750
-8809 -1967
8933 1465
7936 -7334
5574 9547
-9330 -9141
-4706 -6655
-4461 8247
-4769 -1126
-6914 6835
-1066 -490
3169 1675
-2003 -6354
-4809 -4592
-6449 -1279
-8219 -241
-1939 2578
5376 -1464
-3519 3792
-7376 6108
1234 6134
-6892 -664
1591 -9228
-8218 754
-7457 301
7328 -7326
-111 -4380
-4353 -7213
-145 -2768
-9753 -9078
2304 2199
9191 -7994
1357 -4486
542 -2344
-9812 -5170
-1443 9749
-4324 -9301
5967 -6071
-6031 -9368
-4168 7663
-751 -698
-6950 -3234
4157 267
-8483 5030
-8140 914
655 8092
-9036 1250
-6966 -9806
6050 7004
5110 3114
5645 -9735
7087 1612
-2994 -8781
-3576 -3178
-4910 -7645
4655 -3596
7387 -2997
4371 -7120
7971 -7948
-8444 -2101
-3517 -7301
2905 7693
3060 -2008
-2216 6842
-5068 7359
-8334 -5274
-7509 538
-5428 9898
9294 -9801
1350 -7082
-7261 -946
-9771 -951
3270 7366
5107 -4192
-7316 488
6010 2763
-7834 -6573
-4051 -2938
-3832 9298
-1544 807
-470 6955
9721 -4973
-1745 -230
-3778 -5322
-1883 1277
-3759 -8014
5356 -4175
-2158 -7689
1946 9949
3235 -5867
-8002 4301
-3254 8398
-1149 -8766
-9870 -2673
-7016 1256
-9389 -6112
-1586 1768
-1517 346
1121 -8705
-4979 -6568
-9446 5391
-8175 977
-1804 -3020
-1140 -2458
1663 4378
-3574 4695
-9726 -3027
633 -6245
-2013 -7376
3792 -7665
-373 -9134
1423 -7474
582 -4929
1321 802
-6679 -6797
31 1050
-3113 -5388
2991 -1060
1637 -6720
-7571 -6499
476 -4124
-6256 -7409
-8545 -9874
-6607 -3110
-242 2470
1135 -7505
9035 -4583
-5226 568
9307 -5962
-1470 -5228
-9490 -5507
-4674 4290
-5566 -4461
-5678 -5125
-3291 4699
3772 -3643
-358 -4734
-7746 2245
-2625 -4326
-8711 -1196
-2452 -5366
1592 2006
-738 -9661
-1072 967
9364 -6858
-7130 8887
698 6148
3826 -7144
-3516 -1322
1794 2645
-3203 431
5890 -5851
1921 670
-5125 -4736
-3320 -3560
-1639 -7631
-2683 -7579
3218 557
-979 5818
-2844 -381
1499 6919
-8739 -3660
-8525 -4398
1761 -4443
-2171 -3708
-3384 531
-5131 -1118
-2138 -2138
-1191 -4193
6991 -9111
-5789 -8304
-8038 -4904
2688 -6336
-7931 -3909
-8929 -4284
-8422 -5709
726 1042
-7984 5811
6626 -498
373 -1391
-3539 -8219
8619 -8324
-5451 2142
6544 -2417
3306 -4467
-9086 5543
-5608 -4534
1059 1906
-8442 1793
-7174 8649
7134 3115
-7910 5696
-7506 -4291
1446 -7461
-8786 -9056
-3019 -1597
-9820 1377
-9901 -5288
-8188 -5719
-2359 -6423
-2852 -3536
-1347 -5021
1231 5453
-8676 -2105
3327 -6926
-136 8223
208 -6922
1901 881
-5173 -4974
4488 7252
6497 -9456
-5014 3203
-7247 1376
3049 9297
7756 8589
-8137 -2020
-1962 -6416
-6393 -9564
2159 1347
-7186 -5506
6131 -3399
-2745 -8636
6719 -116
4762 9839
-3819 -9609
-4227 -5528
546 4294
5562 -1317
1149 -6326
851 3341
8595 -5199
-3996 335
-9279 245
1641 -3053
4193 -716
-9408 -8385
-3158 -5696
-6769 2880
2673 -4041
-2263 -5567
-716 -6730
-371 -7492
6552 5706
432 2384
-7856 -7001
-6180 -8684
-7102 4637
-9832 363
-4091 -2905
-7222 -6664
-530 4614
1338 2739
1067 -755
5721 1373
1967 6782
-8798 -6064
-9937 -970
4544 2395
8364 -8028
-2607 -5203
-7054 -7553
-5271 3183
9888 -6503
-4998 9655
3050 -2386
-6030 1146
-1988 -862
-1563 -2942
-6849 -6518
-3188 -6304
-9152 -4023
8846 -7740
1487 -7970
-4065 4491
9414 -4964
-5209 1048
-9429 -357
516 -4538
-4393 5997
-8302 4444
-9672 883
1865 1250
-3341 6640
-7576 -9901
-5522 8510
5521 500
-6546 -3616
2133 -3740
-4740 6072
1681 -5356
-1747 4986
4281 -7399
2466 577
-7724 160
3981 8737
7528 -8863
-9802 -8420
-2728 -9993
8445 -5416
1611 5871
9632 -2415
-6673 -9313
6271 -4405
-4163 6361
-3714 -3285
-4481 -4737
1323 -569
-1937 2169
7585 -5926
-894 -9691
6828 -8003
-2459 8015
-8915 7219
-9306 -9662
448 5187
-682 1949
-8067 -437
-6898 -5815
-1860 4882
816 -1302
9277 5119
-8049 -8524
-2586 -7575
8882 -3968
-850 -8209
-9580 -1729
-4454 809
-9904 -9234
2917 -7394
9563 7882
-9595 -8425
-2286 -1146
-3796 -8332
7414 1947
8557 -8034
-4299 -5952
9376 -9188
-3125 -5030
-2329 1706
-4439 3413
-878 3750
1941 -877
-7809 -8883
-367 5253
-8410 -3545
-1760 -5160
1172 -5602
-4954 1745
-8457 -8812
-4240 -1283
-3398 -683
-7563 -7710
6000 618
7579 -8774
-8874 -240
-9764 5409
-7340 -5495
-3062 -3796
5637 -6383
-4399 -3556
-9960 9236
5244 -2796
-4811 -7554
-8197 423
-2524 1011
7331 -2506
6474 -6912
1814 1785
-2699 -271
-3419 8443
-8069 -4475
52 523
-8034 -257
-7779 4944
-4590 -4546
-937 6716
1634 -7441
1559 -9083
5552 -735
7320 2096
-6660 -1447
2712 -7697
263 -4120
-8669 -8308
2935 -6598
-6669 1382
6589 1615
-9000 4668
5206 -4785
-4011 -9273
6160 7450
6091 8621
-3219 -6369
2330 -3213
4940 -2386
1477 -1389
8902 -2098
4949 -9041
-7593 -2189
-1599 -348
-1474 -7509
-1331 5826
-506 -1832
2384 -1605
2053 -3261
7834 -1734
2117 -4817
6070 6583
-5374 -5813
-372 -1656
3923 6700
7466 -775
972 443
1252 -3233
-4765 -5622
2682 2409
-6031 685
3129 5816
-5380 3463
-4252 -5871
915 -8734
2581 7761
-1830 -6557
1694 2432
-2490 -5667
-4779 7369
-1813 2181
-976 -2167
9556 -5146
8525 6822
7890 -5866
-8395 -5886
2362 -5495
-287 -816
-6168 3300
4253 6
1704 5812
-787 435
-3978 7936
8974 -4589
7588 -7460
2270 -5023
3005 1696
-9570 5740
1703 6489
7830 -7987
-7058 -8994
9754 6328
3839 -9467
44 -751
-3118 7159
1602 -9503
7532 7457
-6358 -8695
-6429 -883
-8309 -3370
-2557 1808
9166 -5003
-2928 -667
2044 -1111
-5107 2458
9929 -1284
-7459 -6327
-1582 -4750
-5495 9259
-1789 -1340
3105 -6264
2044 3019
1318 1649
-8523 -3590
2759 -3343
-7521 -5391
6698 737
-4307 592
-6866 -1604
-5229 -2135
-818 1011
2509 -134
-6039 -7199
-9500 -5511
-800 -7071
-7539 5552
-3041 -1825
-6862 -5909
-3585 1132
9716 47
-6581 1142
1745 814
-1822 -937
-1437 408
125 -8595
2826 660
9522 -5078
-2581 -3345
-4872 -2803
-552 2292
-8501 2161
-3726 9086
786 -9628
-9780 3178
447 2554
7826 303
-6729 675
-9559 274
1747 8282
-3047 -8651
-6202 -5440
969 -4559
672 -6359
-3798 -1468
8019 -4043
-745 1548
-7980 3169
-3782 -555
9283 -8865
242 1615
2542 -8445
2196 -9245
2387 7040
8368 967
-2299 -8973
-5802 -3119
-4975 -8419
-8263 -3287
-3870 -4393
-9902 8737
8033 -3679
-8313 -7447
4577 2235
-370 606
2266 3256
-7603 -7389
7796 3216
612 -8461
-6810 1237
333 1045
-6624 -4472
-2206 1489
2566 4332
2048 -5309
2590 -4068
-5493 -8466
-9844 281
2899 -6990
1723 -8762
-7531 4800
-8097 -1257
-5276 7853
-9960 -5625
-1143 -3418
-4006 714
4457 -7772
-7925 -8222
4934 -2080
-5235 2198
1065 -8536
-6212 -8513
1758 4977
26 -6491
1280 5264
-9718 2122
3159 5284
1017 -1179
-4193 -7402
-9853 7474
-1428 9765
-1003 -7865
-2294 7483
-8625 -790
2505 7171
-6611 -7295
-1511 991
-7802 -9718
1106 2613
-9900 9197
-4232 -3702
-6955 5199
-8483 -3662
-751 -4376
-7993 2278
-578 -9449
3859 -5705
4448 -3084
-710 -6654
4820 -6522
1556 -3195
-209 -3561
-4358 177
3491 388
-8496 -992
-3742 -1319
-318 -2263
-5690 -9155
-7410 6033
-337 1578
-1469 2500
-9330 -2752
8520 -5595
-9213 7385
33 6530
-5310 -320
-9939 -4596
-5093 6590
1619 -2203
378 -4523
-3937 2523
8428 -4719
3047 4148
7107 2268
50 -2070
-5093 17
-1637 5209
-3490 1267
-2253 2582
3269 5087
-1467 1155
-7999 -2562
-1538 -5728
-9671 -3360
525 36
-8460 2054
-5177 -4691
-39 1534
269 9204
5973 1044
-2734 2148
9981 -9273
7800 -1940
-5547 -3622
-805 -7661
-2192 -6452
1168 -4020
-5192 -790
3055 -3190
-4463 -9021
846 -2282
-71 -547
-9712 2238
-3437 1958
-6465 3984
-5820 3277
-9931 -2936
541 8242
-3551 582
1818 -5284
4680 -1788
-2870 -23
5930 7174
4369 3051
902 1906
-406 -4015
6080 -926
-1071 7075
9123 7512
9056 -781
-7198 -3023
-9032 8976
8451 9309
1826 -9220
7230 -3058
-874 -5984
2946 -4240
156 6335
5817 2776
-9326 -7383
-5075 3935
-8851 17
-6965 -3023
8963 -4544
2151 -9184
617 -3733
-352 -5921
-4616 -7325
-6203 -7924
-5803 -8692
-9160 1485
-6063 -7920
-7566 1567
7086 -1740
-89 1003
-9244 4396
-9493 9370
7810 9578
-938 1706
-807 2429
-2876 -7135
-459 -264
-9344 289
-8627 47
-4510 -5955
1438 938
-8714 -5109
9779 6771
-4257 6010
-5688 -2158
-4933 4710
-7922 -5061
-4503 7402
8465 -1306
361 8182
281 -1344
-2973 929
-754 -64
-4278 -3680
8224 4061
8770 -9545
-4155 -1698
-8576 -913
6148 -5679
-7599 -5047
5041 -5312
4222 1394
-3622 -6368
-9170 1016
2658 -2164
-4628 -4036
-6676 5939
-3765 -2232
-8966 1933
-1945 9219
-7114 3283
4109 4803
-8558 -1520
-3650 -3198
-3189 -3438
-2832 819
-6861 -3451
-6378 -4041
-338 994
-9022 -5780
5053 -6076
1384 -5211
-8006 604
-6716 -5601
-1437 -5530
1406 8979
6586 1883
-3860 8840
3532 232
-2759 -6293
-2959 9854
-2107 -8479
-7948 -6837
-2706 -9284
-4397 -7926
3501 -7955
2665 -4138
8996 -967
-6838 -2651
9174 -6066
-2161 -6189
-4393 -2537
-7949 -8676
9190 8111
-9156 4302
-8648 5651
-7458 1693
3192 1531
-6883 9017
2571 -150
-9551 -6946
-8808 547
399 3466
-3416 2175
9670 3701
1834 -3332
2759 1596
-8965 6712
7976 -5795
-1020 9183
-8310 -6582
-3516 -5183
1594 -7592
303 808
21 6743
2871 -5048
-6352 4647
-6230 -5961
2743 4073
-4164 -6593
1396 19
583 -5006
-430 -248
5841 638
-5438 424
-3539 -351
2270 1220
5443 -898
-7091 2389
-1068 -6896
-5658 3725
-615 5023
-3848 -1299
-4884 -6607
-7927 8697
-8247 -6206
-8579 6729
2742 -3209
-7590 8353
-2975 7792
-6487 -1756
-8791 -4644
-1632 -3900
2655 2738
-3298 4861
174 -4036
-9994 -6205
-615 -3530
-7888 -103
8804 2200
-4116 -2429
2647 1808
-2903 -4610
-1282 -9036
4997 -5009
-3405 -329
-4731 -4007
-4736 5945
-809 2899
320 132
-8074 -8583
-5178 9652
-1169 -7231
5152 -5194
8257 209
-7428 3381
-438 7376
-5396 -4975
-2720 -7910
-313 209
-8292 -1832
8176 -5894
-6530 7599
-9637 2080
-9235 2903
3948 -4132
4573 6479
-3870 -6241
-553 7375
-9419 1255
8979 9983
-6148 -4657
2537 -3226
-206 -6037
1257 6821
-4551 -4523
6503 -8859
-2369 -2590
-5669 7054
-3135 -4552
9768 -615
-403 6403
-8933 1769
8748 3366
1142 -907
4576 -3856
-7058 -7607
-2998 -9713
434 -6353
3696 -3447
-1875 -8665
-1731 -4024
1230 3614
2441 -3306
1734 -6050
-9638 -6774
-303 -702
-597 -7167
2104 141
-5748 112
-8906 -1380
2122 4441
-6918 -3783
-9456 1437
8461 -3215
-434 -7407
-7052 1288
-966 244
-7144 1739
2325 319
-6171 -6521
-9393 -5315
7471 -8423
-9492 -6339
4348 -1019
-8855 8358
3293 7562
-1254 -5941
-7234 -9707
-1770 -9728
-5823 -7498
6741 -3476
6758 -368
-3368 2302
-2065 8117
-4149 -2556
-9727 -9103
-5721 -3718
-404 -5627
-1094 -7968
-8498 -424
-6837 -8208
2389 -4951
3288 -7986
2404 -3705
2434 -703
-4200 -9212
-7668 193
-5141 2152
1344 -8336
-3559 98
2131 -1522
-543 -2940
-5014 -664
-5074 2288
-8868 -5966
471 -9491
-102 9589
5380 1119
5133 -4503
-4398 1494
-4770 -2425
-8872 -9147
2300 5624
-5941 -9770
377 2706
2399 -8516
-6410 -5371
5743 -4343
-3968 2352
-4258 6369
7035 -678
-3105 -6802
-6593 -5282
-5613 566
6976 -6427
5777 -6774
-1614 -3110
-4150 1120
-2389 -6053
-8403 -9149
-9365 -244
-6744 -247
-4037 -1648
529 -9562
-7886 -4070
-8860 -7584
-5762 -3968
-6546 -5342
-7327 8402
3881 -8140
-7943 -1750
-3224 2731
-2172 -4412
-1994 6461
-1917 9231
7290 -8936
-6817 8165
-1186 -2861
9994 2904
5648 3525
392 -1075
872 -2860
-6323 -1363
-1205 -5263
-856 5658
-1008 -4541
2464 639
-6047 -2527
9182 267
-9244 964
-1460 -5345
-1382 -9253
-1220 -155
1223 -7679
-4724 -9980
2740 9868
-5048 -7086
-1262 -7993
5137 -8215
4768 6115
124 2525
-8338 8266
9758 2028
4162 -5644
-7769 -8681
5147 701
-116 -9199
-9899 918
2346 -5035
525 -2342
4712 541
-8891 4485
6812 4336
7497 4928
-9360 -2469
3027 7072
-1850 -9468
4492 3632
9882 2810
-4235 -2420
-3544 -9839
-8187 -7344
9101 1197
-5005 1583
1266 -5283
-3658 -6968
-1018 -54
-4598 758
-8853 9584
3959 264
3828 9804
1197 -4048
-82 534
-7566 -3105
-6211 -911
320 -1359
-4505 -6303
-728 -1435
8183 -4292
-4709 2192
-2917 1316
-1045 -3534
-689 -3340
-7603 -631
-7171 -1159
-4414 -1179
-6651 -7293
-9898 9468
-5414 6108
8328 -7394
-8723 -1160
-3573 -7061
-1778 -7378
8397 9380
5200 7142
8950 1184
-4499 -1997
-1773 -6496
-1462 -9021
4212 -635
-6341 -3916
9426 8928
1162 2217
-6858 -8374
9940 158
-8171 -1003
-5612 1912
-1344 -4061
-635 4193
-2052 -267
1538 178
972 -6329
-8080 -3727
-5320 -6630
-1025 -4930
-9368 -142
-7636 -6456
-9583 -2943
-4693 4486
4148 -7965
-3773 -1693
-1213 -6484
-454 -1671
-9691 -9601
-3885 8385
-8196 -6527
-6412 4137
-443 -3475
4205 1415
1184 -5496
7318 -3186
-8751 -1672
4601 -2754
1382 -2799
4368 -2463
-1543 -1328
-6608 2739
6328 1131
-7354 2754
8964 -9784
8128 -1033
-6569 -3570
2127 -8718
-5591 -9479
8843 -7491
-2572 4562
-7496 -2342
-3914 -7682
-4280 -4066
-8040 1494
-2526 9570
141 6807
1 -8872
7773 -582
-8800 27
-4605 9351
-6316 3498
4179 -1883
-9830 -7018
2271 -9035
-7981 -8646
-7940 7649
-4916 7531
9441 -562
2467 -9553
-4784 2361
4296 659
-5224 -2686
2624 -6761
-3974 -990
496 1325
-8118 -5406
760 -2205
-9479 2799
-5955 -1987
4785 -8471
2379 -8154
-4992 -2917
-2149 2696
-2888 8432
-3182 -2886
-1738 -2397
-6646 -4487
-3326 -8873
-6315 -3973
-3658 1449
-8098 -6464
7747 -8893
-205 5929
-3183 -1582
8928 5326
-3835 -1285
-35 -2166
-7609 8169
2444 2362
868 -4662
9371 -6714
4402 -1925
8177 -5441
-5582 -6912
839 -6998
-2597 -2504
-8205 -4581
2741 -1423
-147 -1466
1474 9368
-7764 -7023
6596 -908
1745 -274
4379 -108
-1721 -7928
-8787 1797
-6808 4572
3755 8
-1628 -8214
7026 -2972
8670 4236
1935 -104
-1833 -9625
-1881 595
-7537 -5505
-906 -5208
-7000 1967
2230 -9636
-5618 -3815
-5438 450
-6380 -1381
-1541 2281
-8959 3140
4331 -5612
6859 4133
552 -6550
-6846 -7478
-9445 -7697
4016 -8021
-3358 2515
6079 -6274
3859 -2486
8029 -7600
3490 4763
1468 -7564
-6651 7260
4508 -3173
-2187 4095
4300 9413
-744 1414
4334 -6826
9789 -5380
5500 -5556
7303 -6873
-4344 -7088
-4658 -6408
6088 -2837
-4926 9573
-5327 7323
-463 -7110
-3709 1959
-5429 -277
7526 2767
-8475 -7091
9587 -7929
1243 4966
7574 -2107
5497 -3295
-4462 7609
-2501 2758
5478 -3971
1683 3146
-5201 6765
4395 -7773
3598 8889
-4500 -9057
-9237 953
-8354 8150
-7430 -1152
-3887 1692
-5091 -877
6428 3675
-6102 1916
-7293 3169
8335 -9350
2654 6966
-6349 -5637
-2600 561
-1314 -7251
-5866 8715
-8452 9426
-9223 2420
-2435 -9518
-9660 -2396
-4383 -2347
-8702 -3755
-9261 -4239
-2238 -145
1171 736
-7579 -9692
344 -4010
-1670 -8194
-6346 7282
-7033 -6411
-548 -8109
-6582 -6811
-9727 5901
-6496 -3585
2465 1563
-5689 2367
418 -3593
5535 -6498
-8292 -7960
8855 -2199
-6664 27
7141 -7214
4951 -8458
-9259 -218
-7721 -2903
-6874 -2722
4658 9222
-5200 1785
3143 -7310
555 7626
-6307 -8228
5101 -5138
4037 9741
1554 -2303
2144 -6495
-7103 -7279
-5119 -4363
876 5331
-1997 -8223
-3240 -2923
-3138 -9239
-1410 -2188
9863 -1970
-9583 -7377
-4235 -3958
-2464 3580
-5285 -292
-8929 569
-3149 4160
-9183 -1339
4999 1187
969 112
-9162 9750
834 -4496
-491 -6112
-5462 -8139
820 -7367
-6730 1440
2019 -7372
4755 -5265
-7404 5149
-8439 4636
2082 -7772
4004 3112
-2989 -3656
758 -6478
-8774 -4553
-3497 -6388
-7680 7493
-5970 3695
6404 7163
5653 1517
5344 6178
-6344 1704
-7762 6656
-7042 4674
-1365 8306
-1524 3988
347 -2789
2502 8099
-5715 380
-6921 -3921
-4064 4901
818 1614
5446 -1366
-2086 8665
-7448 -9159
-3201 -123
4938 -2197
-566 -3947
-367 3705
9756 9902
-574 -8782
-4366 427
-1779 3562
-4181 -2414
681 -3308
-1780 9126
-1599 6420
-5180 -3810
-4816 4814
-8564 -3529
8745 -3741
-5742 -2779
7419 -1443
-6506 2000
1939 -6072
7763 -132
-6174 2532
9122 41
-4192 -6024
-7204 -4387
-5712 -5814
-4641 -642
7590 -9332
2835 -8603
-185 -9383
589 -8465
-4528 -8064
2196 5814
1146 4128
-8702 -8417
1052 1269
-8052 469
-5999 -8303
998 -7178
1212 -7826
161 2668
6505 867
-361 767
-3370 -3434
-3992 -9495
-142 -270
1797 -8885
-2620 -8743
2669 7134
559 -5157
-8489 6284
6869 -377
-2065 6815
-7334 2176
356 -9478
1162 -2636
2530 -4313
2045 2154
-6757 -7055
1113 9594
-9397 468
217 -1214
5756 -239
-3954 -9675
-8217 -890
-4893 1206
8764 -3427
7909 7750
-4604 -3996
-4158 -8998
6725 1565
-7919 2545
-1434 -6409
627 -4667
-5676 1085
792 -2049
772 -2548
805 752
-8103 -6837
-4492 -963
-5400 -3882
-6915 5594
-8037 -3172
2388 -5637
-2573 -3957
-9901 -7385
-559 -9401
89 -5490
-4105 -8254
-6413 636
2538 -2327
-422 9166
5786 -7621
-5155 -5691
8390 -160
-8800 -4455
-9766 -5481
-9435 7791
-8486 -4048
-1781 7502
-3293 2459
8084 4398
8272 4481
-4533 1074
3419 -5262
37 -2600
740 -898
-8921 -6513
-2729 -152
1641 8
4905 2839
1018 -8208
8451 7119
2468 -7780
-6206 1217
-5295 -2074
-3426 1694
-2547 -9928
-9975 -943
-7346 -7226
-6533 -3635
-366 673
-1172 -9244
-8632 489
-799 -9093
2738 3042
-149 1882
